Value Recall Precision 
0.421512 0 0
0.420512 0 0
0.419512 0 0
0.418512 0 0
0.417512 0 0
0.416512 0 0
0.415512 0 0
0.414512 0 0
0.413512 0 0
0.412512 0 0
0.411512 0 0
0.410512 0 0
0.409512 0 0
0.408512 0 0
0.407512 0 0
0.406512 0 0
0.405512 0 0
0.404512 0 0
0.403512 0 0
0.402512 0 0
0.401512 0 0
0.400512 0 0
0.399512 0 0
0.398512 0 0
0.397512 0 0
0.396512 0 0
0.395512 0 0
0.394512 0 0
0.393512 0 0
0.392512 0 0
0.391512 0 0
0.390512 0 0
0.389512 0 0
0.388512 0 0
0.387512 0 0
0.386512 0 0
0.385512 0 0
0.384512 0 0
0.383512 0 0
0.382512 0 0
0.381512 0 0
0.380512 0 0
0.379512 0 0
0.378512 0 0
0.377512 0 0
0.376512 0 0
0.375512 0 0
0.374512 0 0
0.373512 0 0
0.372512 0 0
0.371512 0 0
0.370512 0 0
0.369512 0 0
0.368512 0 0
0.367512 0 0
0.366512 0 0
0.365512 0 0
0.364512 0 0
0.363512 0 0
0.362512 0 0
0.361512 0 0
0.360512 0 0
0.359512 0 0
0.358512 0 0
0.357512 0 0
0.356512 0 0
0.355512 0 0
0.354512 0 0
0.353512 0 0
0.352512 0 0
0.351512 0 0
0.350512 0 0
0.349512 0 0
0.348512 0 0
0.347512 0 0
0.346512 0 0
0.345512 0 0
0.344512 0 0
0.343512 0 0
0.342512 0 0
0.341512 0 0
0.340512 0 0
0.339512 0 0
0.338512 0 0
0.337512 0 0
0.336512 0 0
0.335512 0 0
0.334512 0 0
0.333512 0 0
0.332512 0 0
0.331512 0 0
0.330512 0 0
0.329512 0 0
0.328512 0 0
0.327512 0 0
0.326512 0 0
0.325512 0 0
0.324512 0 0
0.323512 0 0
0.322512 0 0
0.321512 0 0
0.320512 0 0
0.319512 0 0
0.318512 0 0
0.317512 0 0
0.316512 0 0
0.315512 0 0
0.314512 0 0
0.313512 0 0
0.312512 0 0
0.311512 0 0
0.310512 0 0
0.309512 0 0
0.308512 0 0
0.307512 0 0
0.306512 0 0
0.305512 0 0
0.304512 0 0
0.303512 0 0
0.302512 0 0
0.301512 0 0
0.300512 0 0
0.299512 0 0
0.298512 0 0
0.297512 0 0
0.296512 0 0
0.295512 0 0
0.294512 0 0
0.293512 0 0
0.292512 0 0
0.291512 0 0
0.290512 0 0
0.289512 0 0
0.288512 0 0
0.287512 0 0
0.286512 0 0
0.285512 0 0
0.284512 0 0
0.283512 0 0
0.282512 0 0
0.281512 0 0
0.280512 0 0
0.279512 0 0
0.278512 0 0
0.277512 0 0
0.276512 0 0
0.275512 0 0
0.274512 0 0
0.273512 0 0
0.272512 0 0
0.271512 0 0
0.270512 0 0
0.269512 0 0
0.268512 0 0
0.267512 0 0
0.266512 0 0
0.265512 0 0
0.264512 0 0
0.263512 0 0
0.262512 0 0
0.261512 0 0
0.260512 0 0
0.259512 0 0
0.258512 0 0
0.257512 0 0
0.256512 0 0
0.255512 0 0
0.254512 0 0
0.253512 0 0
0.252512 0 0
0.251512 0 0
0.250512 0 0
0.249512 0 0
0.248512 0 0
0.247512 0 0
0.246512 0 0
0.245512 0 0
0.244512 0 0
0.243512 0 0
0.242512 0 0
0.241512 0 0
0.240512 0 0
0.239512 0 0
0.238512 0 0
0.237512 0 0
0.236512 0 0
0.235512 0 0
0.234512 0 0
0.233512 0 0
0.232512 0 0
0.231512 0 0
0.230512 0 0
0.229512 0 0
0.228512 0 0
0.227512 0 0
0.226512 0 0
0.225512 0 0
0.224512 0 0
0.223512 0 0
0.222512 0 0
0.221512 0 0
0.220512 0 0
0.219512 0 0
0.218512 0 0
0.217512 0 0
0.216512 0 0
0.215512 0 0
0.214512 0 0
0.213512 0 0
0.212512 0 0
0.211512 0 0
0.210512 0 0
0.209512 0 0
0.208512 0 0
0.207512 0 0
0.206512 0 0
0.205512 0 0
0.204512 0 0
0.203512 0 0
0.202512 0 0
0.201512 0 0
0.200512 0 0
0.199512 0 0
0.198512 0 0
0.197512 0 0
0.196512 0 0
0.195512 0 0
0.194512 0 0
0.193512 0 0
0.192512 0 0
0.191512 0 0
0.190512 0 0
0.189512 0 0
0.188512 0 0
0.187512 0 0
0.186512 0 0
0.185512 0 0
0.184512 0 0
0.183512 0 0
0.182512 0 0
0.181512 0 0
0.180512 0 0
0.179512 0 0
0.178512 0 0
0.177512 0 0
0.176512 0 0
0.175512 0 0
0.174512 0 0
0.173512 0 0
0.172512 0 0
0.171512 0 0
0.170512 0 0
0.169512 0 0
0.168512 0 0
0.167512 0 0
0.166512 0 0
0.165512 0 0
0.164512 0 0
0.163512 0 0
0.162512 0 0
0.161512 0 0
0.160512 0 0
0.159512 0 0
0.158512 0 0
0.157512 0 0
0.156512 0 0
0.155512 0 0
0.154512 0 0
0.153512 0 0
0.152512 0 0
0.151512 0 0
0.150512 0 0
0.149512 0 0
0.148512 0 0
0.147512 0 0
0.146512 0 0
0.145512 0 0
0.144512 0 0
0.143512 0 0
0.142512 0 0
0.141512 0 0
0.140512 0 0
0.139512 0 0
0.138512 0 0
0.137512 0 0
0.136512 0 0
0.135512 0 0
0.134512 0 0
0.133512 0 0
0.132512 0 0
0.131512 0 0
0.130512 0 0
0.129512 0 0
0.128512 0 0
0.127512 0 0
0.126512 0 0
0.125512 0 0
0.124512 0 0
0.123512 0 0
0.122512 0 0
0.121512 0 0
0.120512 0 0
0.119512 0 0
0.118512 0 0
0.117512 0 0
0.116512 0 0
0.115512 0 0
0.114512 0 0
0.113512 0 0
0.112512 0 0
0.111512 0 0
0.110512 0 0
0.109512 0 0
0.108512 0 0
0.107512 0 0
0.106512 0 0
0.105512 0 0
0.104512 0 0
0.103512 0 0
0.102512 0 0
0.101512 0 0
0.100512 0 0
0.0995121 0 0
0.0985121 0 0
0.0975121 0 0
0.0965121 0 0
0.0955121 0 0
0.0945121 0 0
0.0935121 0 0
0.0925121 0 0
0.0915121 0 0
0.0905121 0 0
0.0895121 0 0
0.0885121 0 0
0.0875121 0 0
0.0865121 0 0
0.0855121 0 0
0.0845121 0 0
0.0835121 0 0
0.0825121 0 0
0.0815121 0 0
0.0805121 0 0
0.0795121 0 0
0.0785121 0 0
0.0775121 0 0
0.0765121 0 0
0.0755121 0 0
0.0745121 0 0
0.0735121 0 0
0.0725121 0 0
0.0715121 0 0
0.0705121 0 0
0.0695121 0 0
0.0685121 0 0
0.0675121 0 0
0.0665121 0 0
0.0655121 0 0
0.0645121 0 0
0.0635121 0.0243902 7.00673e-05
0.0625121 0.0243902 6.76407e-05
0.0615121 0.0243902 6.54022e-05
0.0605121 0.0243902 6.32191e-05
0.0595121 0.0243902 6.11883e-05
0.0585121 0.0243902 5.89971e-05
0.0575121 0.0243902 5.71951e-05
0.0565121 0.0243902 5.52669e-05
0.0555121 0.0243902 5.3322e-05
0.0545121 0.0243902 5.15278e-05
0.0535121 0.0243902 4.98256e-05
0.0525121 0.0243902 4.81024e-05
0.0515121 0.0243902 4.65116e-05
0.0505121 0.0243902 4.4831e-05
0.0495121 0.0243902 4.33144e-05
0.0485121 0.0243902 4.18078e-05
0.0475121 0.0243902 4.03454e-05
0.0465121 0.0243902 3.88666e-05
0.0455121 0.0243902 3.74883e-05
0.0445121 0.0243902 3.61011e-05
0.0435121 0.0243902 3.47621e-05
0.0425121 0.0243902 3.35008e-05
0.0415121 0.0243902 3.22945e-05
0.0405121 0.0243902 3.1109e-05
0.0395121 0.0243902 2.99213e-05
0.0385121 0.0243902 2.87472e-05
0.0375121 0.0243902 2.76893e-05
0.0365121 0.0243902 2.65795e-05
0.0355121 0.0243902 2.55558e-05
0.0345121 0.0487805 4.90112e-05
0.0335121 0.0487805 4.69594e-05
0.0325121 0.0487805 4.49903e-05
0.0315121 0.0487805 4.30979e-05
0.0305121 0.0487805 4.1278e-05
0.0295121 0.0487805 3.94836e-05
0.0285121 0.0487805 3.77458e-05
0.0275121 0.0487805 3.60406e-05
0.0265121 0.0731707 5.15579e-05
0.0255121 0.0731707 4.9042e-05
0.0245121 0.0731707 4.6689e-05
0.0235121 0.0731707 4.44056e-05
0.0225121 0.0731707 4.22511e-05
0.0215121 0.0731707 4.00861e-05
0.0205121 0.0731707 3.79468e-05
0.0195121 0.097561 4.77783e-05
0.0185121 0.097561 4.5137e-05
0.0175121 0.097561 4.25414e-05
0.0165121 0.121951 5.0022e-05
0.0155121 0.146341 5.63269e-05
0.0145121 0.146341 5.27904e-05
0.0135121 0.146341 4.93198e-05
0.0125121 0.170732 5.36489e-05
0.0115121 0.195122 5.71078e-05
0.0105121 0.243902 6.62348e-05
0.00951207 0.292683 7.37481e-05
0.00851207 0.317073 7.39409e-05
0.00751207 0.317073 6.82784e-05
0.00651207 0.317073 6.27953e-05
0.00551207 0.341463 6.20887e-05
0.00451207 0.365854 6.10086e-05
0.00351207 0.365854 5.5821e-05
0.00251207 0.390244 5.44034e-05
0.00151207 0.414634 5.26763e-05
0.000512072 0.439024 5.09537e-05
-0.000487928 0.463415 4.93395e-05
-0.00148793 0.512195 5.0399e-05
-0.00248793 0.536585 4.92385e-05
-0.00348793 0.536585 4.63706e-05
-0.00448793 0.585366 4.80726e-05
-0.00548793 0.585366 4.60345e-05
-0.00648793 0.609756 4.61926e-05
-0.00748793 0.609756 4.4725e-05
-0.00848793 0.658537 4.69368e-05
-0.00948793 0.682927 4.74818e-05
-0.0104879 0.682927 4.64605e-05
-0.0114879 0.707317 4.71794e-05
-0.0124879 0.731707 4.79633e-05
-0.0134879 0.756098 4.87984e-05
-0.0144879 0.780488 4.96665e-05
-0.0154879 0.804878 5.05732e-05
-0.0164879 0.804878 5.00053e-05
-0.0174879 0.829268 5.09909e-05
-0.0184879 0.853659 5.20084e-05
-0.0194879 0.878049 5.30448e-05
-0.0204879 0.902439 5.41034e-05
-0.0214879 0.902439 5.37322e-05
-0.0224879 0.902439 5.33924e-05
-0.0234879 0.926829 5.45258e-05
-0.0244879 0.926829 5.42253e-05
-0.0254879 0.926829 5.39648e-05
-0.0264879 0.926829 5.37244e-05
-0.0274879 0.926829 5.35021e-05
-0.0284879 0.926829 5.32881e-05
-0.0294879 0.926829 5.31085e-05
-0.0304879 0.926829 5.29373e-05
-0.0314879 0.926829 5.2774e-05
-0.0324879 0.926829 5.26186e-05
-0.0334879 0.95122 5.386e-05
-0.0344879 0.95122 5.37183e-05
-0.0354879 0.97561 5.49574e-05
-0.0364879 0.97561 5.48328e-05
-0.0374879 0.97561 5.47136e-05
-0.0384879 0.97561 5.45939e-05
-0.0394879 0.97561 5.44866e-05
-0.0404879 0.97561 5.43901e-05
-0.0414879 0.97561 5.4292e-05
-0.0424879 0.97561 5.42008e-05
-0.0434879 0.97561 5.41109e-05
-0.0444879 0.97561 5.4031e-05
-0.0454879 0.97561 5.39488e-05
-0.0464879 0.97561 5.38718e-05
-0.0474879 0.97561 5.37995e-05
-0.0484879 0.97561 5.37273e-05
-0.0494879 0.97561 5.36635e-05
-0.0504879 0.97561 5.35985e-05
-0.0514879 0.97561 5.35325e-05
-0.0524879 0.97561 5.34782e-05
-0.0534879 0.97561 5.34222e-05
-0.0544879 0.97561 5.33664e-05
-0.0554879 0.97561 5.33127e-05
-0.0564879 0.97561 5.32616e-05
-0.0574879 0.97561 5.32152e-05
-0.0584879 0.97561 5.31677e-05
-0.0594879 0.97561 5.31252e-05
-0.0604879 0.97561 5.30819e-05
-0.0614879 0.97561 5.30389e-05
-0.0624879 0.97561 5.29985e-05
-0.0634879 0.97561 5.29584e-05
-0.0644879 0.97561 5.29203e-05
-0.0654879 0.97561 5.28807e-05
-0.0664879 0.97561 5.28448e-05
-0.0674879 0.97561 5.28111e-05
-0.0684879 0.97561 5.27798e-05
-0.0694879 0.97561 5.27455e-05
-0.0704879 0.97561 5.2712e-05
-0.0714879 1 5.40012e-05
-0.0724879 1 5.39739e-05
-0.0734879 1 5.39443e-05
-0.0744879 1 5.39159e-05
-0.0754879 1 5.38884e-05
-0.0764879 1 5.38646e-05
-0.0774879 1 5.38427e-05
-0.0784879 1 5.38193e-05
-0.0794879 1 5.37969e-05
-0.0804879 1 5.3776e-05
-0.0814879 1 5.37535e-05
-0.0824879 1 5.37328e-05
-0.0834879 1 5.37144e-05
-0.0844879 1 5.36949e-05
-0.0854879 1 5.36765e-05
-0.0864879 1 5.3658e-05
-0.0874879 1 5.36439e-05
-0.0884879 1 5.36274e-05
-0.0894879 1 5.36141e-05
-0.0904879 1 5.3602e-05
-0.0914879 1 5.35879e-05
-0.0924879 1 5.35743e-05
-0.0934879 1 5.35621e-05
-0.0944879 1 5.35495e-05
-0.0954879 1 5.35378e-05
-0.0964879 1 5.35274e-05
-0.0974879 1 5.35166e-05
-0.0984879 1 5.35059e-05
-0.0994879 1 5.34945e-05
-0.100488 1 5.3484e-05
-0.101488 1 5.34742e-05
-0.102488 1 5.34665e-05
-0.103488 1 5.34589e-05
-0.104488 1 5.34506e-05
-0.105488 1 5.34417e-05
-0.106488 1 5.34334e-05
-0.107488 1 5.34251e-05
-0.108488 1 5.34169e-05
-0.109488 1 5.34113e-05
-0.110488 1 5.34041e-05
-0.111488 1 5.33975e-05
-0.112488 1 5.33931e-05
-0.113488 1 5.33881e-05
-0.114488 1 5.33833e-05
-0.115488 1 5.33771e-05
-0.116488 1 5.33719e-05
-0.117488 1 5.33676e-05
-0.118488 1 5.33624e-05
-0.119488 1 5.3358e-05
-0.120488 1 5.33524e-05
-0.121488 1 5.33491e-05
-0.122488 1 5.33456e-05
-0.123488 1 5.33412e-05
-0.124488 1 5.33366e-05
-0.125488 1 5.3332e-05
-0.126488 1 5.33284e-05
-0.127488 1 5.33246e-05
-0.128488 1 5.3321e-05
-0.129488 1 5.33179e-05
-0.130488 1 5.33136e-05
-0.131488 1 5.33104e-05
-0.132488 1 5.33071e-05
-0.133488 1 5.33033e-05
-0.134488 1 5.33004e-05
-0.135488 1 5.32981e-05
-0.136488 1 5.32955e-05
-0.137488 1 5.32928e-05
-0.138488 1 5.32909e-05
-0.139488 1 5.32884e-05
-0.140488 1 5.3286e-05
-0.141488 1 5.32835e-05
-0.142488 1 5.32813e-05
-0.143488 1 5.32787e-05
-0.144488 1 5.3277e-05
-0.145488 1 5.32748e-05
-0.146488 1 5.32726e-05
-0.147488 1 5.3271e-05
-0.148488 1 5.32694e-05
-0.149488 1 5.32677e-05
-0.150488 1 5.32663e-05
-0.151488 1 5.3265e-05
-0.152488 1 5.3263e-05
-0.153488 1 5.32612e-05
-0.154488 1 5.32593e-05
-0.155488 1 5.32576e-05
-0.156488 1 5.32566e-05
-0.157488 1 5.32553e-05
-0.158488 1 5.32538e-05
-0.159488 1 5.32522e-05
-0.160488 1 5.32511e-05
-0.161488 1 5.32499e-05
-0.162488 1 5.32486e-05
-0.163488 1 5.32471e-05
-0.164488 1 5.32459e-05
-0.165488 1 5.3245e-05
-0.166488 1 5.32439e-05
-0.167488 1 5.32425e-05
-0.168488 1 5.32415e-05
-0.169488 1 5.32406e-05
-0.170488 1 5.32389e-05
-0.171488 1 5.3238e-05
-0.172488 1 5.3237e-05
-0.173488 1 5.32359e-05
-0.174488 1 5.32351e-05
-0.175488 1 5.32342e-05
-0.176488 1 5.32333e-05
-0.177488 1 5.32327e-05
-0.178488 1 5.32319e-05
-0.179488 1 5.32314e-05
-0.180488 1 5.32307e-05
-0.181488 1 5.32303e-05
-0.182488 1 5.323e-05
-0.183488 1 5.3229e-05
-0.184488 1 5.32284e-05
-0.185488 1 5.32278e-05
-0.186488 1 5.32275e-05
-0.187488 1 5.32271e-05
-0.188488 1 5.32265e-05
-0.189488 1 5.3226e-05
-0.190488 1 5.32256e-05
-0.191488 1 5.32248e-05
-0.192488 1 5.32242e-05
-0.193488 1 5.32236e-05
-0.194488 1 5.32231e-05
-0.195488 1 5.32228e-05
-0.196488 1 5.32221e-05
-0.197488 1 5.32212e-05
-0.198488 1 5.32209e-05
-0.199488 1 5.32206e-05
-0.200488 1 5.32203e-05
-0.201488 1 5.32203e-05
-0.202488 1 5.32201e-05
-0.203488 1 5.32195e-05
-0.204488 1 5.32192e-05
-0.205488 1 5.32187e-05
-0.206488 1 5.32183e-05
-0.207488 1 5.32181e-05
-0.208488 1 5.32177e-05
-0.209488 1 5.32171e-05
-0.210488 1 5.3217e-05
-0.211488 1 5.32167e-05
-0.212488 1 5.32164e-05
-0.213488 1 5.32161e-05
-0.214488 1 5.32158e-05
-0.215488 1 5.32154e-05
-0.216488 1 5.32152e-05
-0.217488 1 5.3215e-05
-0.218488 1 5.32148e-05
-0.219488 1 5.32147e-05
-0.220488 1 5.32145e-05
-0.221488 1 5.32145e-05
-0.222488 1 5.32144e-05
-0.223488 1 5.32142e-05
-0.224488 1 5.32141e-05
-0.225488 1 5.3214e-05
-0.226488 1 5.32137e-05
-0.227488 1 5.32134e-05
-0.228488 1 5.32133e-05
-0.229488 1 5.3213e-05
-0.230488 1 5.3213e-05
-0.231488 1 5.32127e-05
-0.232488 1 5.32127e-05
-0.233488 1 5.32127e-05
-0.234488 1 5.32125e-05
-0.235488 1 5.32125e-05
-0.236488 1 5.32124e-05
-0.237488 1 5.32123e-05
-0.238488 1 5.32119e-05
-0.239488 1 5.32119e-05
-0.240488 1 5.32118e-05
-0.241488 1 5.32117e-05
-0.242488 1 5.32115e-05
-0.243488 1 5.32114e-05
-0.244488 1 5.32112e-05
-0.245488 1 5.32111e-05
-0.246488 1 5.3211e-05
-0.247488 1 5.3211e-05
-0.248488 1 5.3211e-05
-0.249488 1 5.3211e-05
-0.250488 1 5.32109e-05
-0.251488 1 5.32108e-05
-0.252488 1 5.32107e-05
-0.253488 1 5.32106e-05
-0.254488 1 5.32106e-05
-0.255488 1 5.32105e-05
-0.256488 1 5.32105e-05
-0.257488 1 5.32105e-05
-0.258488 1 5.32104e-05
-0.259488 1 5.32104e-05
-0.260488 1 5.32104e-05
-0.261488 1 5.32104e-05
-0.262488 1 5.32104e-05
-0.263488 1 5.32103e-05
-0.264488 1 5.32101e-05
-0.265488 1 5.32101e-05
-0.266488 1 5.32101e-05
-0.267488 1 5.32101e-05
-0.268488 1 5.32101e-05
-0.269488 1 5.321e-05
-0.270488 1 5.32099e-05
-0.271488 1 5.32099e-05
-0.272488 1 5.32097e-05
-0.273488 1 5.32097e-05
-0.274488 1 5.32096e-05
-0.275488 1 5.32096e-05
-0.276488 1 5.32096e-05
-0.277488 1 5.32095e-05
-0.278488 1 5.32094e-05
-0.279488 1 5.32094e-05
-0.280488 1 5.32093e-05
-0.281488 1 5.32092e-05
-0.282488 1 5.32092e-05
-0.283488 1 5.32092e-05
-0.284488 1 5.32092e-05
-0.285488 1 5.32091e-05
-0.286488 1 5.32091e-05
-0.287488 1 5.32091e-05
-0.288488 1 5.32091e-05
-0.289488 1 5.32091e-05
-0.290488 1 5.3209e-05
-0.291488 1 5.3209e-05
-0.292488 1 5.3209e-05
-0.293488 1 5.3209e-05
-0.294488 1 5.32089e-05
-0.295488 1 5.32089e-05
-0.296488 1 5.32089e-05
-0.297488 1 5.32089e-05
-0.298488 1 5.32088e-05
-0.299488 1 5.32087e-05
-0.300488 1 5.32087e-05
-0.301488 1 5.32087e-05
-0.302488 1 5.32087e-05
-0.303488 1 5.32087e-05
-0.304488 1 5.32087e-05
-0.305488 1 5.32087e-05
-0.306488 1 5.32087e-05
-0.307488 1 5.32086e-05
-0.308488 1 5.32085e-05
-0.309488 1 5.32085e-05
-0.310488 1 5.32085e-05
-0.311488 1 5.32084e-05
-0.312488 1 5.32083e-05
-0.313488 1 5.32083e-05
-0.314488 1 5.32083e-05
-0.315488 1 5.32083e-05
-0.316488 1 5.32083e-05
-0.317488 1 5.32083e-05
-0.318488 1 5.32083e-05
-0.319488 1 5.32083e-05
-0.320488 1 5.32082e-05
-0.321488 1 5.32082e-05
-0.322488 1 5.32082e-05
-0.323488 1 5.32082e-05
-0.324488 1 5.32082e-05
-0.325488 1 5.32082e-05
-0.326488 1 5.32082e-05
-0.327488 1 5.32082e-05
-0.328488 1 5.32082e-05
-0.329488 1 5.32082e-05
-0.330488 1 5.32082e-05
-0.331488 1 5.32082e-05
-0.332488 1 5.32082e-05
-0.333488 1 5.32082e-05
-0.334488 1 5.32082e-05
-0.335488 1 5.32081e-05
-0.336488 1 5.32081e-05
-0.337488 1 5.32081e-05
-0.338488 1 5.32081e-05
-0.339488 1 5.32081e-05
-0.340488 1 5.32081e-05
-0.341488 1 5.32081e-05
-0.342488 1 5.32081e-05
-0.343488 1 5.32081e-05
-0.344488 1 5.32081e-05
-0.345488 1 5.32081e-05
-0.346488 1 5.32081e-05
-0.347488 1 5.32081e-05
-0.348488 1 5.32081e-05
-0.349488 1 5.32081e-05
-0.350488 1 5.32081e-05
-0.351488 1 5.32081e-05
-0.352488 1 5.32081e-05
-0.353488 1 5.32081e-05
-0.354488 1 5.32081e-05
-0.355488 1 5.32081e-05
-0.356488 1 5.32081e-05
-0.357488 1 5.32081e-05
-0.358488 1 5.32081e-05
-0.359488 1 5.32081e-05
-0.360488 1 5.32081e-05
-0.361488 1 5.32081e-05
-0.362488 1 5.32081e-05
-0.363488 1 5.32081e-05
-0.364488 1 5.32081e-05
-0.365488 1 5.32081e-05
-0.366488 1 5.32081e-05
-0.367488 1 5.32081e-05
-0.368488 1 5.32081e-05
-0.369488 1 5.32081e-05
-0.370488 1 5.32081e-05
-0.371488 1 5.32081e-05
-0.372488 1 5.32081e-05
-0.373488 1 5.32081e-05
-0.374488 1 5.32081e-05
-0.375488 1 5.32081e-05
-0.376488 1 5.32081e-05
-0.377488 1 5.32081e-05
-0.378488 1 5.32081e-05
-0.379488 1 5.32081e-05
-0.380488 1 5.32081e-05
-0.381488 1 5.32081e-05
-0.382488 1 5.32081e-05
-0.383488 1 5.32081e-05
-0.384488 1 5.32081e-05
-0.385488 1 5.32081e-05
-0.386488 1 5.32081e-05
-0.387488 1 5.32081e-05
-0.388488 1 5.32081e-05
-0.389488 1 5.32081e-05
-0.390488 1 5.32081e-05
-0.391488 1 5.32081e-05
-0.392488 1 5.32081e-05
-0.393488 1 5.32081e-05
-0.394488 1 5.32081e-05
-0.395488 1 5.32081e-05
-0.396488 1 5.32081e-05
-0.397488 1 5.32081e-05
-0.398488 1 5.32081e-05
-0.399488 1 5.32081e-05
-0.400488 1 5.32081e-05
-0.401488 1 5.32081e-05
-0.402488 1 5.32081e-05
-0.403488 1 5.32081e-05
-0.404488 1 5.32081e-05
-0.405488 1 5.32081e-05
-0.406488 1 5.32081e-05
-0.407488 1 5.32081e-05
-0.408488 1 5.32081e-05
-0.409488 1 5.32081e-05
-0.410488 1 5.32081e-05
-0.411488 1 5.32081e-05
-0.412488 1 5.32081e-05
-0.413488 1 5.32081e-05
-0.414488 1 5.32081e-05
-0.415488 1 5.32081e-05
-0.416488 1 5.32081e-05
-0.417488 1 5.32081e-05
-0.418488 1 5.32081e-05
-0.419488 1 5.32081e-05
-0.420488 1 5.32081e-05
-0.421488 1 5.32081e-05
-0.422488 1 5.32081e-05
-0.423488 1 5.32081e-05
-0.424488 1 5.32081e-05
-0.425488 1 5.32081e-05
-0.426488 1 5.32081e-05
-0.427488 1 5.32081e-05
-0.428488 1 5.32081e-05
-0.429488 1 5.32081e-05
-0.430488 1 5.32081e-05
-0.431488 1 5.32081e-05
-0.432488 1 5.32081e-05
-0.433488 1 5.32081e-05
-0.434488 1 5.32081e-05
-0.435488 1 5.32081e-05
-0.436488 1 5.32081e-05
-0.437488 1 5.32081e-05
-0.438488 1 5.32081e-05
-0.439488 1 5.32081e-05
-0.440488 1 5.32081e-05
-0.441488 1 5.32081e-05
-0.442488 1 5.32081e-05
-0.443488 1 5.32081e-05
-0.444488 1 5.32081e-05
-0.445488 1 5.32081e-05
-0.446488 1 5.32081e-05
-0.447488 1 5.32081e-05
-0.448488 1 5.32081e-05
-0.449488 1 5.32081e-05
-0.450488 1 5.32081e-05
-0.451488 1 5.32081e-05
-0.452488 1 5.32081e-05
-0.453488 1 5.32081e-05
-0.454488 1 5.32081e-05
-0.455488 1 5.32081e-05
-0.456488 1 5.32081e-05
-0.457488 1 5.32081e-05
-0.458488 1 5.32081e-05
-0.459488 1 5.32081e-05
-0.460488 1 5.32081e-05
-0.461488 1 5.32081e-05
-0.462488 1 5.32081e-05
-0.463488 1 5.32081e-05
-0.464488 1 5.32081e-05
-0.465488 1 5.32081e-05
-0.466488 1 5.32081e-05
-0.467488 1 5.32081e-05
-0.468488 1 5.32081e-05
-0.469488 1 5.32081e-05
-0.470488 1 5.32081e-05
-0.471488 1 5.32081e-05
-0.472488 1 5.32081e-05
-0.473488 1 5.32081e-05
-0.474488 1 5.32081e-05
-0.475488 1 5.32081e-05
-0.476488 1 5.32081e-05
-0.477488 1 5.32081e-05
-0.478488 1 5.32081e-05
-0.479488 1 5.32081e-05
-0.480488 1 5.32081e-05
-0.481488 1 5.32081e-05
-0.482488 1 5.32081e-05
-0.483488 1 5.32081e-05
-0.484488 1 5.32081e-05
-0.485488 1 5.32081e-05
-0.486488 1 5.32081e-05
-0.487488 1 5.32081e-05
-0.488488 1 5.32081e-05
-0.489488 1 5.32081e-05
-0.490488 1 5.32081e-05
-0.491488 1 5.32081e-05
-0.492488 1 5.32081e-05
-0.493488 1 5.32081e-05
-0.494488 1 5.32081e-05
-0.495488 1 5.32081e-05
-0.496488 1 5.32081e-05
-0.497488 1 5.32081e-05
-0.498488 1 5.32081e-05
-0.499488 1 5.32081e-05
-0.500488 1 5.32081e-05
-0.501488 1 5.32081e-05
-0.502488 1 5.32081e-05
-0.503488 1 5.32081e-05
-0.504488 1 5.32081e-05
-0.505488 1 5.32081e-05
-0.506488 1 5.32081e-05
-0.507488 1 5.32081e-05
-0.508488 1 5.32081e-05
-0.509488 1 5.32081e-05
-0.510488 1 5.32081e-05
-0.511488 1 5.32081e-05
-0.512488 1 5.32081e-05
-0.513488 1 5.32081e-05
-0.514488 1 5.32081e-05
-0.515488 1 5.32081e-05
-0.516488 1 5.32081e-05
-0.517488 1 5.32081e-05
-0.518488 1 5.32081e-05
-0.519488 1 5.32081e-05
-0.520488 1 5.32081e-05
-0.521488 1 5.32081e-05
-0.522488 1 5.32081e-05
-0.523488 1 5.32081e-05
-0.524488 1 5.32081e-05
-0.525488 1 5.32081e-05
-0.526488 1 5.32081e-05
-0.527488 1 5.32081e-05
-0.528488 1 5.32081e-05
-0.529488 1 5.32081e-05
-0.530488 1 5.32081e-05
-0.531488 1 5.32081e-05
-0.532488 1 5.32081e-05
-0.533488 1 5.32081e-05
-0.534488 1 5.32081e-05
-0.535488 1 5.32081e-05
-0.536488 1 5.32081e-05
-0.537488 1 5.32081e-05
-0.538488 1 5.32081e-05
-0.539488 1 5.32081e-05
-0.540488 1 5.32081e-05
-0.541488 1 5.32081e-05
-0.542488 1 5.32081e-05
-0.543488 1 5.32081e-05
-0.544488 1 5.32081e-05
-0.545488 1 5.32081e-05
-0.546488 1 5.32081e-05
-0.547488 1 5.32081e-05
-0.548488 1 5.32081e-05
-0.549488 1 5.32081e-05
-0.550488 1 5.32081e-05
-0.551488 1 5.32081e-05
-0.552488 1 5.32081e-05
-0.553488 1 5.32081e-05
-0.554488 1 5.32081e-05
-0.555488 1 5.32081e-05
-0.556488 1 5.32081e-05
-0.557488 1 5.32081e-05
-0.558488 1 5.32081e-05
-0.559488 1 5.32081e-05
-0.560488 1 5.32081e-05
-0.561488 1 5.32081e-05
-0.562488 1 5.32081e-05
-0.563488 1 5.32081e-05
-0.564488 1 5.32081e-05
-0.565488 1 5.32081e-05
-0.566488 1 5.32081e-05
-0.567488 1 5.32081e-05
-0.568488 1 5.32081e-05
-0.569488 1 5.32081e-05
-0.570488 1 5.32081e-05
-0.571488 1 5.32081e-05
-0.572488 1 5.32081e-05
-0.573488 1 5.32081e-05
-0.574488 1 5.32081e-05
-0.575488 1 5.32081e-05
-0.576488 1 5.32081e-05
-0.577488 1 5.32081e-05
-0.578488 1 5.32081e-05
-0.579488 1 5.32081e-05
-0.580488 1 5.32081e-05
-0.581488 1 5.32081e-05
-0.582488 1 5.32081e-05
-0.583488 1 5.32081e-05
-0.584488 1 5.32081e-05
-0.585488 1 5.32081e-05
-0.586488 1 5.32081e-05
-0.587488 1 5.32081e-05
-0.588488 1 5.32081e-05
-0.589488 1 5.32081e-05
-0.590488 1 5.32081e-05
-0.591488 1 5.32081e-05
-0.592488 1 5.32081e-05
-0.593488 1 5.32081e-05
-0.594488 1 5.32081e-05
-0.595488 1 5.32081e-05
-0.596488 1 5.32081e-05
-0.597488 1 5.32081e-05
-0.598488 1 5.32081e-05
-0.599488 1 5.32081e-05
-0.600488 1 5.32081e-05
-0.601488 1 5.32081e-05
-0.602488 1 5.32081e-05
-0.603488 1 5.32081e-05
-0.604488 1 5.32081e-05
-0.605488 1 5.32081e-05
-0.606488 1 5.32081e-05
-0.607488 1 5.32081e-05
-0.608488 1 5.32081e-05
-0.609488 1 5.32081e-05
-0.610488 1 5.32081e-05
-0.611488 1 5.32081e-05
-0.612488 1 5.32081e-05
-0.613488 1 5.32081e-05
-0.614488 1 5.32081e-05
-0.615488 1 5.32081e-05
-0.616488 1 5.32081e-05
-0.617488 1 5.32081e-05
-0.618488 1 5.32081e-05
-0.619488 1 5.32081e-05
-0.620488 1 5.32081e-05
-0.621488 1 5.32081e-05
-0.622488 1 5.32081e-05
-0.623488 1 5.32081e-05
-0.624488 1 5.32081e-05
-0.625488 1 5.32081e-05
-0.626488 1 5.32081e-05
-0.627488 1 5.32081e-05
-0.628488 1 5.32081e-05
-0.629488 1 5.32081e-05
-0.630488 1 5.32081e-05
-0.631488 1 5.32081e-05
-0.632488 1 5.32081e-05
-0.633488 1 5.32081e-05
-0.634488 1 5.32081e-05
-0.635488 1 5.32081e-05
-0.636488 1 5.32081e-05
-0.637488 1 5.32081e-05
-0.638488 1 5.32081e-05
-0.639488 1 5.32081e-05
-0.640488 1 5.32081e-05
-0.641488 1 5.32081e-05
-0.642488 1 5.32081e-05
-0.643488 1 5.32081e-05
-0.644488 1 5.32081e-05
-0.645488 1 5.32081e-05
-0.646488 1 5.32081e-05
-0.647488 1 5.32081e-05
-0.648488 1 5.32081e-05
-0.649488 1 5.32081e-05
-0.650488 1 5.32081e-05
-0.651488 1 5.32081e-05
-0.652488 1 5.32081e-05
-0.653488 1 5.32081e-05
-0.654488 1 5.32081e-05
-0.655488 1 5.32081e-05
-0.656488 1 5.32081e-05
-0.657488 1 5.32081e-05
-0.658488 1 5.32081e-05
-0.659488 1 5.32081e-05
-0.660488 1 5.32081e-05
-0.661488 1 5.32081e-05
-0.662488 1 5.32081e-05
-0.663488 1 5.32081e-05
-0.664488 1 5.32081e-05
-0.665488 1 5.32081e-05
-0.666488 1 5.32081e-05
-0.667488 1 5.32081e-05
-0.668488 1 5.32081e-05
-0.669488 1 5.32081e-05
-0.670488 1 5.32081e-05
-0.671488 1 5.32081e-05
-0.672488 1 5.32081e-05
-0.673488 1 5.32081e-05
-0.674488 1 5.32081e-05
-0.675488 1 5.32081e-05
-0.676488 1 5.32081e-05
-0.677488 1 5.32081e-05
-0.678488 1 5.32081e-05
-0.679488 1 5.32081e-05
-0.680488 1 5.32081e-05
-0.681488 1 5.32081e-05
-0.682488 1 5.32081e-05
-0.683488 1 5.32081e-05
-0.684488 1 5.32081e-05
-0.685488 1 5.32081e-05
-0.686488 1 5.32081e-05
-0.687488 1 5.32081e-05
-0.688488 1 5.32081e-05
-0.689488 1 5.32081e-05
-0.690488 1 5.32081e-05
-0.691488 1 5.32081e-05
-0.692488 1 5.32081e-05
-0.693488 1 5.32081e-05
-0.694488 1 5.32081e-05
-0.695488 1 5.32081e-05
-0.696488 1 5.32081e-05
-0.697488 1 5.32081e-05
-0.698488 1 5.32081e-05
-0.699488 1 5.32081e-05
-0.700488 1 5.32081e-05
-0.701488 1 5.32081e-05
-0.702488 1 5.32081e-05
-0.703488 1 5.32081e-05
-0.704488 1 5.32081e-05
-0.705488 1 5.32081e-05
-0.706488 1 5.32081e-05
-0.707488 1 5.32081e-05
-0.708488 1 5.32081e-05
-0.709488 1 5.32081e-05
-0.710488 1 5.32081e-05
-0.711488 1 5.32081e-05
-0.712488 1 5.32081e-05
-0.713488 1 5.32081e-05
-0.714488 1 5.32081e-05
-0.715488 1 5.32081e-05
-0.716488 1 5.32081e-05
-0.717488 1 5.32081e-05
-0.718488 1 5.32081e-05
-0.719488 1 5.32081e-05
-0.720488 1 5.32081e-05
-0.721488 1 5.32081e-05
-0.722488 1 5.32081e-05
-0.723488 1 5.32081e-05
-0.724488 1 5.32081e-05
-0.725488 1 5.32081e-05
-0.726488 1 5.32081e-05
-0.727488 1 5.32081e-05
-0.728488 1 5.32081e-05
-0.729488 1 5.32081e-05
-0.730488 1 5.32081e-05
-0.731488 1 5.32081e-05
-0.732488 1 5.32081e-05
-0.733488 1 5.32081e-05
-0.734488 1 5.32081e-05
-0.735488 1 5.32081e-05
-0.736488 1 5.32081e-05
-0.737488 1 5.32081e-05
-0.738488 1 5.32081e-05
-0.739488 1 5.32081e-05
-0.740488 1 5.32081e-05
-0.741488 1 5.32081e-05
-0.742488 1 5.32081e-05
-0.743488 1 5.32081e-05
-0.744488 1 5.32081e-05
-0.745488 1 5.32081e-05
-0.746488 1 5.32081e-05
-0.747488 1 5.32081e-05
-0.748488 1 5.32081e-05
-0.749488 1 5.32081e-05
-0.750488 1 5.32081e-05
-0.751488 1 5.32081e-05
-0.752488 1 5.32081e-05
-0.753488 1 5.32081e-05
-0.754488 1 5.32081e-05
-0.755488 1 5.32081e-05
-0.756488 1 5.32081e-05
-0.757488 1 5.32081e-05
-0.758488 1 5.32081e-05
-0.759488 1 5.32081e-05
-0.760488 1 5.32081e-05
-0.761488 1 5.32081e-05
-0.762488 1 5.32081e-05
-0.763488 1 5.32081e-05
-0.764488 1 5.32081e-05
-0.765488 1 5.32081e-05
-0.766488 1 5.32081e-05
-0.767488 1 5.32081e-05
-0.768488 1 5.32081e-05
-0.769488 1 5.32081e-05
-0.770488 1 5.32081e-05
-0.771488 1 5.32081e-05
-0.772488 1 5.32081e-05
-0.773488 1 5.32081e-05
-0.774488 1 5.32081e-05
-0.775488 1 5.32081e-05
-0.776488 1 5.32081e-05
-0.777488 1 5.32081e-05
-0.778488 1 5.32081e-05
-0.779488 1 5.32081e-05
-0.780488 1 5.32081e-05
-0.781488 1 5.32081e-05
-0.782488 1 5.32081e-05
-0.783488 1 5.32081e-05
-0.784488 1 5.32081e-05
-0.785488 1 5.32081e-05
-0.786488 1 5.32081e-05
-0.787488 1 5.32081e-05
-0.788488 1 5.32081e-05
-0.789488 1 5.32081e-05
-0.790488 1 5.32081e-05
-0.791488 1 5.32081e-05
-0.792488 1 5.32081e-05
-0.793488 1 5.32081e-05
-0.794488 1 5.32081e-05
-0.795488 1 5.32081e-05
-0.796488 1 5.32081e-05
-0.797488 1 5.32081e-05
-0.798488 1 5.32081e-05
-0.799488 1 5.32081e-05
-0.800488 1 5.32081e-05
-0.801488 1 5.32081e-05
-0.802488 1 5.32081e-05
-0.803488 1 5.32081e-05
-0.804488 1 5.32081e-05
-0.805488 1 5.32081e-05
-0.806488 1 5.32081e-05
-0.807488 1 5.32081e-05
-0.808488 1 5.32081e-05
-0.809488 1 5.32081e-05
-0.810488 1 5.32081e-05
-0.811488 1 5.32081e-05
-0.812488 1 5.32081e-05
-0.813488 1 5.32081e-05
-0.814488 1 5.32081e-05
-0.815488 1 5.32081e-05
-0.816488 1 5.32081e-05
-0.817488 1 5.32081e-05
-0.818488 1 5.32081e-05
-0.819488 1 5.32081e-05
-0.820488 1 5.32081e-05
-0.821488 1 5.32081e-05
-0.822488 1 5.32081e-05
-0.823488 1 5.32081e-05
-0.824488 1 5.32081e-05
-0.825488 1 5.32081e-05
-0.826488 1 5.32081e-05
-0.827488 1 5.32081e-05
-0.828488 1 5.32081e-05
-0.829488 1 5.32081e-05
-0.830488 1 5.32081e-05
-0.831488 1 5.32081e-05
-0.832488 1 5.32081e-05
-0.833488 1 5.32081e-05
-0.834488 1 5.32081e-05
-0.835488 1 5.32081e-05
-0.836488 1 5.32081e-05
-0.837488 1 5.32081e-05
-0.838488 1 5.32081e-05
-0.839488 1 5.32081e-05
-0.840488 1 5.32081e-05
-0.841488 1 5.32081e-05
-0.842488 1 5.32081e-05
-0.843488 1 5.32081e-05
-0.844488 1 5.32081e-05
-0.845488 1 5.32081e-05
-0.846488 1 5.32081e-05
-0.847488 1 5.32081e-05
-0.848488 1 5.32081e-05
-0.849488 1 5.32081e-05
-0.850488 1 5.32081e-05
-0.851488 1 5.32081e-05
-0.852488 1 5.32081e-05
-0.853488 1 5.32081e-05
-0.854488 1 5.32081e-05
-0.855488 1 5.32081e-05
-0.856488 1 5.32081e-05
-0.857488 1 5.32081e-05
-0.858488 1 5.32081e-05
-0.859488 1 5.32081e-05
-0.860488 1 5.32081e-05
-0.861488 1 5.32081e-05
-0.862488 1 5.32081e-05
-0.863488 1 5.32081e-05
-0.864488 1 5.32081e-05
-0.865488 1 5.32081e-05
-0.866488 1 5.32081e-05
-0.867488 1 5.32081e-05
-0.868488 1 5.32081e-05
-0.869488 1 5.32081e-05
-0.870488 1 5.32081e-05
-0.871488 1 5.32081e-05
-0.872488 1 5.32081e-05
-0.873488 1 5.32081e-05
-0.874488 1 5.32081e-05
-0.875488 1 5.32081e-05
-0.876488 1 5.32081e-05
-0.877488 1 5.32081e-05
-0.878488 1 5.32081e-05
-0.879488 1 5.32081e-05
-0.880488 1 5.32081e-05
-0.881488 1 5.32081e-05
-0.882488 1 5.32081e-05
-0.883488 1 5.32081e-05
-0.884488 1 5.32081e-05
-0.885488 1 5.32081e-05
-0.886488 1 5.32081e-05
-0.887488 1 5.32081e-05
-0.888488 1 5.32081e-05
-0.889488 1 5.32081e-05
-0.890488 1 5.32081e-05
-0.891488 1 5.32081e-05
-0.892488 1 5.32081e-05
-0.893488 1 5.32081e-05
-0.894488 1 5.32081e-05
-0.895488 1 5.32081e-05
-0.896488 1 5.32081e-05
-0.897488 1 5.32081e-05
-0.898488 1 5.32081e-05
-0.899488 1 5.32081e-05
-0.900488 1 5.32081e-05
-0.901488 1 5.32081e-05
-0.902488 1 5.32081e-05
-0.903488 1 5.32081e-05
-0.904488 1 5.32081e-05
-0.905488 1 5.32081e-05
-0.906488 1 5.32081e-05
-0.907488 1 5.32081e-05
-0.908488 1 5.32081e-05
-0.909488 1 5.32081e-05
-0.910488 1 5.32081e-05
-0.911488 1 5.32081e-05
-0.912488 1 5.32081e-05
-0.913488 1 5.32081e-05
-0.914488 1 5.32081e-05
-0.915488 1 5.32081e-05
-0.916488 1 5.32081e-05
-0.917488 1 5.32081e-05
-0.918488 1 5.32081e-05
-0.919488 1 5.32081e-05
-0.920488 1 5.32081e-05
-0.921488 1 5.32081e-05
-0.922488 1 5.32081e-05
-0.923488 1 5.32081e-05
-0.924488 1 5.32081e-05
-0.925488 1 5.32081e-05
-0.926488 1 5.32081e-05
-0.927488 1 5.32081e-05
-0.928488 1 5.32081e-05
-0.929488 1 5.32081e-05
-0.930488 1 5.32081e-05
-0.931488 1 5.32081e-05
-0.932488 1 5.32081e-05
-0.933488 1 5.32081e-05
-0.934488 1 5.32081e-05
-0.935488 1 5.32081e-05
-0.936488 1 5.32081e-05
-0.937488 1 5.32081e-05
-0.938488 1 5.32081e-05
-0.939488 1 5.32081e-05
-0.940488 1 5.32081e-05
-0.941488 1 5.32081e-05
-0.942488 1 5.32081e-05
-0.943488 1 5.32081e-05
-0.944488 1 5.32081e-05
-0.945488 1 5.32081e-05
-0.946488 1 5.32081e-05
-0.947488 1 5.32081e-05
-0.948488 1 5.32081e-05
-0.949488 1 5.32081e-05
-0.950488 1 5.32081e-05
-0.951488 1 5.32081e-05
-0.952488 1 5.32081e-05
-0.953488 1 5.32081e-05
-0.954488 1 5.32081e-05
-0.955488 1 5.32081e-05
-0.956488 1 5.32081e-05
-0.957488 1 5.32081e-05
-0.958488 1 5.32081e-05
-0.959488 1 5.32081e-05
-0.960488 1 5.32081e-05
-0.961488 1 5.32081e-05
-0.962488 1 5.32081e-05
-0.963488 1 5.32081e-05
-0.964488 1 5.32081e-05
-0.965488 1 5.32081e-05
-0.966488 1 5.32081e-05
-0.967488 1 5.32081e-05
-0.968488 1 5.32081e-05
-0.969488 1 5.32081e-05
-0.970488 1 5.32081e-05
-0.971488 1 5.32081e-05
-0.972488 1 5.32081e-05
-0.973488 1 5.32081e-05
-0.974488 1 5.32081e-05
-0.975488 1 5.32081e-05
-0.976488 1 5.32081e-05
-0.977488 1 5.32081e-05
-0.978488 1 5.32081e-05
-0.979488 1 5.32081e-05
-0.980488 1 5.32081e-05
-0.981488 1 5.32081e-05
-0.982488 1 5.32081e-05
-0.983488 1 5.32081e-05
-0.984488 1 5.32081e-05
-0.985488 1 5.32081e-05
-0.986488 1 5.32081e-05
-0.987488 1 5.32081e-05
-0.988488 1 5.32081e-05
-0.989488 1 5.32081e-05
-0.990488 1 5.32081e-05
-0.991488 1 5.32081e-05
-0.992488 1 5.32081e-05
-0.993488 1 5.32081e-05
-0.994488 1 5.32081e-05
-0.995488 1 5.32081e-05
-0.996488 1 5.32081e-05
-0.997488 1 5.32081e-05
-0.998488 1 5.32081e-05
-0.999488 1 5.32081e-05
-1.00049 1 5.32081e-05
-1.00149 1 5.32081e-05
-1.00249 1 5.32081e-05
-1.00349 1 5.32081e-05
-1.00449 1 5.32081e-05
-1.00549 1 5.32081e-05
-1.00649 1 5.32081e-05
-1.00749 1 5.32081e-05
-1.00849 1 5.32081e-05
-1.00949 1 5.32081e-05
-1.01049 1 5.32081e-05
-1.01149 1 5.32081e-05
-1.01249 1 5.32081e-05
-1.01349 1 5.32081e-05
-1.01449 1 5.32081e-05
-1.01549 1 5.32081e-05
-1.01649 1 5.32081e-05
-1.01749 1 5.32081e-05
-1.01849 1 5.32081e-05
-1.01949 1 5.32081e-05
-1.02049 1 5.32081e-05
-1.02149 1 5.32081e-05
-1.02249 1 5.32081e-05
-1.02349 1 5.32081e-05
-1.02449 1 5.32081e-05
-1.02549 1 5.32081e-05
-1.02649 1 5.32081e-05
-1.02749 1 5.32081e-05
-1.02849 1 5.32081e-05
-1.02949 1 5.32081e-05
-1.03049 1 5.32081e-05
-1.03149 1 5.32081e-05
-1.03249 1 5.32081e-05
-1.03349 1 5.32081e-05
-1.03449 1 5.32081e-05
-1.03549 1 5.32081e-05
-1.03649 1 5.32081e-05
-1.03749 1 5.32081e-05
-1.03849 1 5.32081e-05
-1.03949 1 5.32081e-05
-1.04049 1 5.32081e-05
-1.04149 1 5.32081e-05
-1.04249 1 5.32081e-05
-1.04349 1 5.32081e-05
-1.04449 1 5.32081e-05
-1.04549 1 5.32081e-05
-1.04649 1 5.32081e-05
-1.04749 1 5.32081e-05
-1.04849 1 5.32081e-05
-1.04949 1 5.32081e-05
-1.05049 1 5.32081e-05
-1.05149 1 5.32081e-05
-1.05249 1 5.32081e-05
-1.05349 1 5.32081e-05
-1.05449 1 5.32081e-05
-1.05549 1 5.32081e-05
-1.05649 1 5.32081e-05
-1.05749 1 5.32081e-05
-1.05849 1 5.32081e-05
-1.05949 1 5.32081e-05
-1.06049 1 5.32081e-05
-1.06149 1 5.32081e-05
-1.06249 1 5.32081e-05
-1.06349 1 5.32081e-05
-1.06449 1 5.32081e-05
-1.06549 1 5.32081e-05
-1.06649 1 5.32081e-05
-1.06749 1 5.32081e-05
-1.06849 1 5.32081e-05
-1.06949 1 5.32081e-05
-1.07049 1 5.32081e-05
-1.07149 1 5.32081e-05
-1.07249 1 5.32081e-05
-1.07349 1 5.32081e-05
-1.07449 1 5.32081e-05
-1.07549 1 5.32081e-05
-1.07649 1 5.32081e-05
-1.07749 1 5.32081e-05
-1.07849 1 5.32081e-05
-1.07949 1 5.32081e-05
-1.08049 1 5.32081e-05
-1.08149 1 5.32081e-05
-1.08249 1 5.32081e-05
-1.08349 1 5.32081e-05
-1.08449 1 5.32081e-05
-1.08549 1 5.32081e-05
-1.08649 1 5.32081e-05
-1.08749 1 5.32081e-05
-1.08849 1 5.32081e-05
-1.08949 1 5.32081e-05
-1.09049 1 5.32081e-05
-1.09149 1 5.32081e-05
-1.09249 1 5.32081e-05
-1.09349 1 5.32081e-05
-1.09449 1 5.32081e-05
-1.09549 1 5.32081e-05
-1.09649 1 5.32081e-05
-1.09749 1 5.32081e-05
-1.09849 1 5.32081e-05
-1.09949 1 5.32081e-05
-1.10049 1 5.32081e-05
-1.10149 1 5.32081e-05
-1.10249 1 5.32081e-05
-1.10349 1 5.32081e-05
-1.10449 1 5.32081e-05
-1.10549 1 5.32081e-05
-1.10649 1 5.32081e-05
-1.10749 1 5.32081e-05
-1.10849 1 5.32081e-05
-1.10949 1 5.32081e-05
-1.11049 1 5.32081e-05
-1.11149 1 5.32081e-05
-1.11249 1 5.32081e-05
-1.11349 1 5.32081e-05
-1.11449 1 5.32081e-05
-1.11549 1 5.32081e-05
-1.11649 1 5.32081e-05
-1.11749 1 5.32081e-05
-1.11849 1 5.32081e-05
-1.11949 1 5.32081e-05
-1.12049 1 5.32081e-05
-1.12149 1 5.32081e-05
-1.12249 1 5.32081e-05
-1.12349 1 5.32081e-05
-1.12449 1 5.32081e-05
-1.12549 1 5.32081e-05
-1.12649 1 5.32081e-05
-1.12749 1 5.32081e-05
-1.12849 1 5.32081e-05
-1.12949 1 5.32081e-05
-1.13049 1 5.32081e-05
-1.13149 1 5.32081e-05
-1.13249 1 5.32081e-05
-1.13349 1 5.32081e-05
-1.13449 1 5.32081e-05
-1.13549 1 5.32081e-05
-1.13649 1 5.32081e-05
-1.13749 1 5.32081e-05
-1.13849 1 5.32081e-05
-1.13949 1 5.32081e-05
-1.14049 1 5.32081e-05
-1.14149 1 5.32081e-05
-1.14249 1 5.32081e-05
-1.14349 1 5.32081e-05
-1.14449 1 5.32081e-05
-1.14549 1 5.32081e-05
-1.14649 1 5.32081e-05
-1.14749 1 5.32081e-05
-1.14849 1 5.32081e-05
-1.14949 1 5.32081e-05
-1.15049 1 5.32081e-05
-1.15149 1 5.32081e-05
-1.15249 1 5.32081e-05
-1.15349 1 5.32081e-05
-1.15449 1 5.32081e-05
-1.15549 1 5.32081e-05
-1.15649 1 5.32081e-05
-1.15749 1 5.32081e-05
-1.15849 1 5.32081e-05
-1.15949 1 5.32081e-05
-1.16049 1 5.32081e-05
-1.16149 1 5.32081e-05
-1.16249 1 5.32081e-05
-1.16349 1 5.32081e-05
-1.16449 1 5.32081e-05
-1.16549 1 5.32081e-05
-1.16649 1 5.32081e-05
-1.16749 1 5.32081e-05
-1.16849 1 5.32081e-05
-1.16949 1 5.32081e-05
-1.17049 1 5.32081e-05
-1.17149 1 5.32081e-05
-1.17249 1 5.32081e-05
-1.17349 1 5.32081e-05
-1.17449 1 5.32081e-05
-1.17549 1 5.32081e-05
-1.17649 1 5.32081e-05
-1.17749 1 5.32081e-05
-1.17849 1 5.32081e-05
-1.17949 1 5.32081e-05
-1.18049 1 5.32081e-05
-1.18149 1 5.32081e-05
-1.18249 1 5.32081e-05
-1.18349 1 5.32081e-05
-1.18449 1 5.32081e-05
-1.18549 1 5.32081e-05
-1.18649 1 5.32081e-05
-1.18749 1 5.32081e-05
-1.18849 1 5.32081e-05
-1.18949 1 5.32081e-05
-1.19049 1 5.32081e-05
-1.19149 1 5.32081e-05
-1.19249 1 5.32081e-05
-1.19349 1 5.32081e-05
-1.19449 1 5.32081e-05
-1.19549 1 5.32081e-05
-1.19649 1 5.32081e-05
-1.19749 1 5.32081e-05
-1.19849 1 5.32081e-05
-1.19949 1 5.32081e-05
-1.20049 1 5.32081e-05
-1.20149 1 5.32081e-05
-1.20249 1 5.32081e-05
-1.20349 1 5.32081e-05
-1.20449 1 5.32081e-05
-1.20549 1 5.32081e-05
-1.20649 1 5.32081e-05
-1.20749 1 5.32081e-05
-1.20849 1 5.32081e-05
-1.20949 1 5.32081e-05
-1.21049 1 5.32081e-05
-1.21149 1 5.32081e-05
-1.21249 1 5.32081e-05
-1.21349 1 5.32081e-05
-1.21449 1 5.32081e-05
-1.21549 1 5.32081e-05
-1.21649 1 5.32081e-05
-1.21749 1 5.32081e-05
-1.21849 1 5.32081e-05
-1.21949 1 5.32081e-05
-1.22049 1 5.32081e-05
-1.22149 1 5.32081e-05
-1.22249 1 5.32081e-05
-1.22349 1 5.32081e-05
-1.22449 1 5.32081e-05
-1.22549 1 5.32081e-05
-1.22649 1 5.32081e-05
-1.22749 1 5.32081e-05
-1.22849 1 5.32081e-05
-1.22949 1 5.32081e-05
-1.23049 1 5.32081e-05
-1.23149 1 5.32081e-05
-1.23249 1 5.32081e-05
-1.23349 1 5.32081e-05
-1.23449 1 5.32081e-05
-1.23549 1 5.32081e-05
-1.23649 1 5.32081e-05
-1.23749 1 5.32081e-05
-1.23849 1 5.32081e-05
-1.23949 1 5.32081e-05
-1.24049 1 5.32081e-05
-1.24149 1 5.32081e-05
-1.24249 1 5.32081e-05
-1.24349 1 5.32081e-05
-1.24449 1 5.32081e-05
-1.24549 1 5.32081e-05
-1.24649 1 5.32081e-05
-1.24749 1 5.32081e-05
-1.24849 1 5.32081e-05
-1.24949 1 5.32081e-05
-1.25049 1 5.32081e-05
-1.25149 1 5.32081e-05
-1.25249 1 5.32081e-05
-1.25349 1 5.32081e-05
-1.25449 1 5.32081e-05
-1.25549 1 5.32081e-05
-1.25649 1 5.32081e-05
-1.25749 1 5.32081e-05
-1.25849 1 5.32081e-05
-1.25949 1 5.32081e-05
-1.26049 1 5.32081e-05
-1.26149 1 5.32081e-05
-1.26249 1 5.32081e-05
-1.26349 1 5.32081e-05
-1.26449 1 5.32081e-05
-1.26549 1 5.32081e-05
-1.26649 1 5.32081e-05
-1.26749 1 5.32081e-05
-1.26849 1 5.32081e-05
-1.26949 1 5.32081e-05
-1.27049 1 5.32081e-05
-1.27149 1 5.32081e-05
-1.27249 1 5.32081e-05
-1.27349 1 5.32081e-05
-1.27449 1 5.32081e-05
-1.27549 1 5.32081e-05
-1.27649 1 5.32081e-05
-1.27749 1 5.32081e-05
-1.27849 1 5.32081e-05
-1.27949 1 5.32081e-05
-1.28049 1 5.32081e-05
-1.28149 1 5.32081e-05
-1.28249 1 5.32081e-05
-1.28349 1 5.32081e-05
-1.28449 1 5.32081e-05
-1.28549 1 5.32081e-05
-1.28649 1 5.32081e-05
-1.28749 1 5.32081e-05
-1.28849 1 5.32081e-05
-1.28949 1 5.32081e-05
-1.29049 1 5.32081e-05
-1.29149 1 5.32081e-05
-1.29249 1 5.32081e-05
-1.29349 1 5.32081e-05
-1.29449 1 5.32081e-05
-1.29549 1 5.32081e-05
-1.29649 1 5.32081e-05
-1.29749 1 5.32081e-05
-1.29849 1 5.32081e-05
-1.29949 1 5.32081e-05
-1.30049 1 5.32081e-05
-1.30149 1 5.32081e-05
-1.30249 1 5.32081e-05
-1.30349 1 5.32081e-05
-1.30449 1 5.32081e-05
-1.30549 1 5.32081e-05
-1.30649 1 5.32081e-05
-1.30749 1 5.32081e-05
-1.30849 1 5.32081e-05
-1.30949 1 5.32081e-05
-1.31049 1 5.32081e-05
-1.31149 1 5.32081e-05
-1.31249 1 5.32081e-05
-1.31349 1 5.32081e-05
-1.31449 1 5.32081e-05
-1.31549 1 5.32081e-05
-1.31649 1 5.32081e-05
-1.31749 1 5.32081e-05
-1.31849 1 5.32081e-05
-1.31949 1 5.32081e-05
-1.32049 1 5.32081e-05
-1.32149 1 5.32081e-05
-1.32249 1 5.32081e-05
-1.32349 1 5.32081e-05
-1.32449 1 5.32081e-05
-1.32549 1 5.32081e-05
-1.32649 1 5.32081e-05
-1.32749 1 5.32081e-05
-1.32849 1 5.32081e-05
-1.32949 1 5.32081e-05
-1.33049 1 5.32081e-05
-1.33149 1 5.32081e-05
-1.33249 1 5.32081e-05
-1.33349 1 5.32081e-05
-1.33449 1 5.32081e-05
-1.33549 1 5.32081e-05
-1.33649 1 5.32081e-05
-1.33749 1 5.32081e-05
-1.33849 1 5.32081e-05
-1.33949 1 5.32081e-05
-1.34049 1 5.32081e-05
-1.34149 1 5.32081e-05
-1.34249 1 5.32081e-05
-1.34349 1 5.32081e-05
-1.34449 1 5.32081e-05
-1.34549 1 5.32081e-05
-1.34649 1 5.32081e-05
-1.34749 1 5.32081e-05
-1.34849 1 5.32081e-05
-1.34949 1 5.32081e-05
-1.35049 1 5.32081e-05
-1.35149 1 5.32081e-05
-1.35249 1 5.32081e-05
-1.35349 1 5.32081e-05
-1.35449 1 5.32081e-05
-1.35549 1 5.32081e-05
-1.35649 1 5.32081e-05
-1.35749 1 5.32081e-05
-1.35849 1 5.32081e-05
-1.35949 1 5.32081e-05
-1.36049 1 5.32081e-05
-1.36149 1 5.32081e-05
-1.36249 1 5.32081e-05
-1.36349 1 5.32081e-05
-1.36449 1 5.32081e-05
-1.36549 1 5.32081e-05
-1.36649 1 5.32081e-05
-1.36749 1 5.32081e-05
-1.36849 1 5.32081e-05
-1.36949 1 5.32081e-05
-1.37049 1 5.32081e-05
-1.37149 1 5.32081e-05
-1.37249 1 5.32081e-05
-1.37349 1 5.32081e-05
-1.37449 1 5.32081e-05
-1.37549 1 5.32081e-05
-1.37649 1 5.32081e-05
-1.37749 1 5.32081e-05
-1.37849 1 5.32081e-05
-1.37949 1 5.32081e-05
-1.38049 1 5.32081e-05
-1.38149 1 5.32081e-05
-1.38249 1 5.32081e-05
-1.38349 1 5.32081e-05
-1.38449 1 5.32081e-05
-1.38549 1 5.32081e-05
-1.38649 1 5.32081e-05
-1.38749 1 5.32081e-05
-1.38849 1 5.32081e-05
-1.38949 1 5.32081e-05
-1.39049 1 5.32081e-05
-1.39149 1 5.32081e-05
-1.39249 1 5.32081e-05
-1.39349 1 5.32081e-05
-1.39449 1 5.32081e-05
-1.39549 1 5.32081e-05
-1.39649 1 5.32081e-05
-1.39749 1 5.32081e-05
-1.39849 1 5.32081e-05
-1.39949 1 5.32081e-05
-1.40049 1 5.32081e-05
-1.40149 1 5.32081e-05
-1.40249 1 5.32081e-05
-1.40349 1 5.32081e-05
-1.40449 1 5.32081e-05
-1.40549 1 5.32081e-05
-1.40649 1 5.32081e-05
-1.40749 1 5.32081e-05
