Value Recall Precision 
574.923 0 0
573.923 0 0
572.923 0 0
571.923 0 0
570.923 0 0
569.923 0 0
568.923 0 0
567.923 0 0
566.923 0 0
565.923 0 0
564.923 0 0
563.923 0 0
562.923 0 0
561.923 0 0
560.923 0 0
559.923 0 0
558.923 0 0
557.923 0 0
556.923 0 0
555.923 0 0
554.923 0 0
553.923 0 0
552.923 0 0
551.923 0 0
550.923 0 0
549.923 0 0
548.923 0 0
547.923 0 0
546.923 0 0
545.923 0 0
544.923 0 0
543.923 0 0
542.923 0 0
541.923 0 0
540.923 0 0
539.923 0 0
538.923 0 0
537.923 0 0
536.923 0 0
535.923 0 0
534.923 0 0
533.923 0 0
532.923 0 0
531.923 0 0
530.923 0 0
529.923 0 0
528.923 0 0
527.923 0 0
526.923 0 0
525.923 0 0
524.923 0 0
523.923 0 0
522.923 0 0
521.923 0 0
520.923 0 0
519.923 0 0
518.923 0 0
517.923 0 0
516.923 0 0
515.923 0 0
514.923 0 0
513.923 0 0
512.923 0 0
511.923 0 0
510.923 0 0
509.923 0 0
508.923 0 0
507.923 0 0
506.923 0 0
505.923 0 0
504.923 0 0
503.923 0 0
502.923 0 0
501.923 0 0
500.923 0 0
499.923 0 0
498.923 0 0
497.923 0 0
496.923 0 0
495.923 0 0
494.923 0 0
493.923 0 0
492.923 0 0
491.923 0 0
490.923 0 0
489.923 0 0
488.923 0 0
487.923 0 0
486.923 0 0
485.923 0 0
484.923 0 0
483.923 0 0
482.923 0 0
481.923 0 0
480.923 0 0
479.923 0 0
478.923 0 0
477.923 0 0
476.923 0 0
475.923 0 0
474.923 0 0
473.923 0 0
472.923 0 0
471.923 0 0
470.923 0 0
469.923 0 0
468.923 0 0
467.923 0 0
466.923 0 0
465.923 0 0
464.923 0 0
463.923 0 0
462.923 0 0
461.923 0 0
460.923 0 0
459.923 0 0
458.923 0 0
457.923 0 0
456.923 0 0
455.923 0 0
454.923 0 0
453.923 0 0
452.923 0 0
451.923 0 0
450.923 0 0
449.923 0 0
448.923 0 0
447.923 0 0
446.923 0 0
445.923 0 0
444.923 0 0
443.923 0 0
442.923 0 0
441.923 0 0
440.923 0 0
439.923 0 0
438.923 0 0
437.923 0 0
436.923 0 0
435.923 0 0
434.923 0 0
433.923 0 0
432.923 0 0
431.923 0 0
430.923 0 0
429.923 0 0
428.923 0 0
427.923 0 0
426.923 0 0
425.923 0 0
424.923 0 0
423.923 0 0
422.923 0 0
421.923 0 0
420.923 0 0
419.923 0 0
418.923 0 0
417.923 0 0
416.923 0 0
415.923 0 0
414.923 0 0
413.923 0 0
412.923 0 0
411.923 0 0
410.923 0 0
409.923 0 0
408.923 0 0
407.923 0 0
406.923 0 0
405.923 0 0
404.923 0 0
403.923 0 0
402.923 0 0
401.923 0 0
400.923 0 0
399.923 0 0
398.923 0 0
397.923 0 0
396.923 0 0
395.923 0 0
394.923 0 0
393.923 0 0
392.923 0 0
391.923 0 0
390.923 0 0
389.923 0 0
388.923 0 0
387.923 0 0
386.923 0 0
385.923 0 0
384.923 0 0
383.923 0 0
382.923 0 0
381.923 0 0
380.923 0 0
379.923 0 0
378.923 0 0
377.923 0 0
376.923 0 0
375.923 0 0
374.923 0 0
373.923 0 0
372.923 0 0
371.923 0 0
370.923 0 0
369.923 0 0
368.923 0 0
367.923 0 0
366.923 0 0
365.923 0 0
364.923 0 0
363.923 0 0
362.923 0 0
361.923 0 0
360.923 0 0
359.923 0 0
358.923 0 0
357.923 0 0
356.923 0 0
355.923 0 0
354.923 0 0
353.923 0 0
352.923 0 0
351.923 0 0
350.923 0 0
349.923 0 0
348.923 0 0
347.923 0 0
346.923 0 0
345.923 0 0
344.923 0 0
343.923 0 0
342.923 0 0
341.923 0 0
340.923 0 0
339.923 0 0
338.923 0 0
337.923 0 0
336.923 0 0
335.923 0 0
334.923 0 0
333.923 0 0
332.923 0 0
331.923 0 0
330.923 0 0
329.923 0 0
328.923 0 0
327.923 0 0
326.923 0 0
325.923 0 0
324.923 0 0
323.923 0 0
322.923 0 0
321.923 0 0
320.923 0 0
319.923 0 0
318.923 0 0
317.923 0 0
316.923 0 0
315.923 0 0
314.923 0 0
313.923 0 0
312.923 0 0
311.923 0 0
310.923 0 0
309.923 0 0
308.923 0 0
307.923 0 0
306.923 0 0
305.923 0 0
304.923 0 0
303.923 0 0
302.923 0 0
301.923 0 0
300.923 0 0
299.923 0 0
298.923 0 0
297.923 0 0
296.923 0 0
295.923 0 0
294.923 0 0
293.923 0 0
292.923 0 0
291.923 0 0
290.923 0 0
289.923 0 0
288.923 0 0
287.923 0 0
286.923 0 0
285.923 0 0
284.923 0 0
283.923 0 0
282.923 0 0
281.923 0 0
280.923 0 0
279.923 0 0
278.923 0 0
277.923 0 0
276.923 0 0
275.923 0 0
274.923 0 0
273.923 0 0
272.923 0 0
271.923 0 0
270.923 0 0
269.923 0 0
268.923 0 0
267.923 0 0
266.923 0 0
265.923 0 0
264.923 0 0
263.923 0 0
262.923 0 0
261.923 0 0
260.923 0 0
259.923 0 0
258.923 0 0
257.923 0 0
256.923 0 0
255.923 0 0
254.923 0 0
253.923 0 0
252.923 0 0
251.923 0 0
250.923 0 0
249.923 0 0
248.923 0 0
247.923 0 0
246.923 0 0
245.923 0 0
244.923 0 0
243.923 0 0
242.923 0 0
241.923 0 0
240.923 0 0
239.923 0 0
238.923 0 0
237.923 0 0
236.923 0 0
235.923 0 0
234.923 0 0
233.923 0 0
232.923 0 0
231.923 0 0
230.923 0 0
229.923 0 0
228.923 0 0
227.923 0 0
226.923 0 0
225.923 0 0
224.923 0 0
223.923 0 0
222.923 0 0
221.923 0 0
220.923 0 0
219.923 0 0
218.923 0 0
217.923 0 0
216.923 0 0
215.923 0 0
214.923 0 0
213.923 0 0
212.923 0 0
211.923 0 0
210.923 0 0
209.923 0 0
208.923 0 0
207.923 0 0
206.923 0 0
205.923 0 0
204.923 0 0
203.923 0 0
202.923 0 0
201.923 0 0
200.923 0 0
199.923 0 0
198.923 0 0
197.923 0 0
196.923 0 0
195.923 0 0
194.923 0 0
193.923 0 0
192.923 0 0
191.923 0 0
190.923 0 0
189.923 0 0
188.923 0 0
187.923 0 0
186.923 0 0
185.923 0 0
184.923 0 0
183.923 0 0
182.923 0 0
181.923 0 0
180.923 0 0
179.923 0 0
178.923 0 0
177.923 0 0
176.923 0 0
175.923 0 0
174.923 0 0
173.923 0 0
172.923 0 0
171.923 0 0
170.923 0 0
169.923 0 0
168.923 0 0
167.923 0 0
166.923 0 0
165.923 0 0
164.923 0 0
163.923 0 0
162.923 0 0
161.923 0 0
160.923 0 0
159.923 0 0
158.923 0 0
157.923 0 0
156.923 0 0
155.923 0 0
154.923 0 0
153.923 0 0
152.923 0 0
151.923 0 0
150.923 0 0
149.923 0 0
148.923 0 0
147.923 0 0
146.923 0 0
145.923 0 0
144.923 0 0
143.923 0 0
142.923 0 0
141.923 0 0
140.923 0 0
139.923 0 0
138.923 0 0
137.923 0 0
136.923 0 0
135.923 0 0
134.923 0 0
133.923 0 0
132.923 0 0
131.923 0 0
130.923 0 0
129.923 0 0
128.923 0 0
127.923 0 0
126.923 0 0
125.923 0 0
124.923 0 0
123.923 1.89082e-05 0.00164474
122.923 3.78165e-05 0.00318471
121.923 3.78165e-05 0.003125
120.923 3.78165e-05 0.00306279
119.923 3.78165e-05 0.0029985
118.923 3.78165e-05 0.00290276
117.923 3.78165e-05 0.00282087
116.923 3.78165e-05 0.00272851
115.923 3.78165e-05 0.00264901
114.923 3.78165e-05 0.0025641
113.923 3.78165e-05 0.0025
112.923 3.78165e-05 0.00240964
111.923 3.78165e-05 0.00233645
110.923 3.78165e-05 0.00226501
109.923 3.78165e-05 0.00218579
108.923 3.78165e-05 0.00211864
107.923 3.78165e-05 0.00207254
106.923 3.78165e-05 0.00200401
105.923 3.78165e-05 0.00192864
104.923 3.78165e-05 0.0018797
103.923 3.78165e-05 0.00181653
102.923 3.78165e-05 0.00176678
101.923 3.78165e-05 0.00170068
100.923 3.78165e-05 0.0016488
99.9227 3.78165e-05 0.00158353
98.9227 3.78165e-05 0.00153728
97.9227 3.78165e-05 0.00149031
96.9227 3.78165e-05 0.00144928
95.9227 3.78165e-05 0.00138313
94.9227 3.78165e-05 0.00133422
93.9227 3.78165e-05 0.00127389
92.9227 3.78165e-05 0.00122249
91.9227 3.78165e-05 0.00116959
90.9227 3.78165e-05 0.00112803
89.9227 3.78165e-05 0.00107643
88.9227 3.78165e-05 0.00103842
87.9227 3.78165e-05 0.000998004
86.9227 3.78165e-05 0.000968054
85.9227 3.78165e-05 0.000931099
84.9227 3.78165e-05 0.000903342
83.9227 3.78165e-05 0.000869565
82.9227 3.78165e-05 0.000826788
81.9227 3.78165e-05 0.0008
80.9227 3.78165e-05 0.00076599
79.9227 3.78165e-05 0.000735024
78.9227 3.78165e-05 0.00070373
77.9227 5.67247e-05 0.00101833
76.9227 5.67247e-05 0.000974342
75.9227 7.5633e-05 0.00124766
74.9227 7.5633e-05 0.00119225
73.9227 7.5633e-05 0.00114384
72.9227 9.45412e-05 0.00136575
71.9227 9.45412e-05 0.00130208
70.9227 9.45412e-05 0.00124564
69.9227 9.45412e-05 0.0011885
68.9227 9.45412e-05 0.00113122
67.9227 9.45412e-05 0.00107735
66.9227 9.45412e-05 0.00102648
65.9227 9.45412e-05 0.000977708
64.9227 9.45412e-05 0.000931966
63.9227 9.45412e-05 0.000886211
62.9227 9.45412e-05 0.000845023
61.9227 9.45412e-05 0.000799872
60.9227 9.45412e-05 0.000759301
59.9227 9.45412e-05 0.000721813
58.9227 0.000113449 0.000819224
57.9227 0.000113449 0.000775094
56.9227 0.000132358 0.000854701
55.9227 0.000132358 0.00081056
54.9227 0.000132358 0.000765111
53.9227 0.000151266 0.000826702
52.9227 0.000151266 0.000783315
51.9227 0.000170174 0.000833488
50.9227 0.000170174 0.000783972
49.9227 0.000170174 0.000740132
48.9227 0.000170174 0.00069762
47.9227 0.000170174 0.00065445
46.9227 0.000189082 0.000680041
45.9227 0.000189082 0.000637389
44.9227 0.000189082 0.000595309
43.9227 0.000189082 0.000558098
42.9227 0.000207991 0.000576158
41.9227 0.000207991 0.000538003
40.9227 0.000207991 0.000502558
39.9227 0.000207991 0.000467389
38.9227 0.000207991 0.00043331
37.9227 0.000245807 0.000475216
36.9227 0.000245807 0.000440633
35.9227 0.000245807 0.000407421
34.9227 0.000264715 0.000404811
33.9227 0.00032144 0.000453624
32.9227 0.000359257 0.000466212
31.9227 0.000378165 0.000449843
30.9227 0.000397073 0.000432197
29.9227 0.000397073 0.00039557
28.9227 0.000453798 0.000412314
27.9227 0.000510522 0.000422079
26.9227 0.000510522 0.000382881
25.9227 0.000548339 0.000372052
24.9227 0.000623972 0.000381896
23.9227 0.000718513 0.00039618
22.9227 0.000888687 0.000439515
21.9227 0.00103995 0.000460055
20.9227 0.00117231 0.000462193
19.9227 0.0013803 0.000484181
18.9227 0.00158829 0.00049345
17.9227 0.00175847 0.000481436
16.9227 0.00211772 0.000508853
15.9227 0.0025148 0.000527213
14.9227 0.00311986 0.000566991
13.9227 0.00372492 0.000582652
12.9227 0.00432999 0.000577447
11.9227 0.00512413 0.000577184
10.9227 0.00588046 0.000552387
9.92273 0.00741203 0.000571474
9.82273 0.00754439 0.000569859
9.72273 0.00767674 0.000567677
9.62273 0.0078091 0.000565312
9.52273 0.00788474 0.00055843
9.42273 0.00797928 0.000553044
9.32273 0.00814945 0.000552571
9.22273 0.00837635 0.000555472
9.12273 0.00856543 0.00055546
9.02273 0.00877342 0.000556342
8.92273 0.00901923 0.000558907
8.82273 0.00935958 0.000566823
8.72273 0.00958648 0.000566976
8.62273 0.00992683 0.000573379
8.52273 0.0102483 0.000578021
8.42273 0.0105319 0.000579621
8.32273 0.010721 0.000575812
8.22273 0.0109479 0.000573737
8.12273 0.011326 0.00057901
8.02273 0.0116664 0.000581527
7.92273 0.0119311 0.000579624
7.82273 0.0122147 0.000578124
7.72273 0.0126118 0.000581471
7.62273 0.0129711 0.000582231
7.52273 0.0132925 0.000580696
7.42273 0.013803 0.000586807
7.32273 0.014219 0.000588031
7.22273 0.0148808 0.000598543
7.12273 0.0153724 0.000600994
7.02273 0.0158073 0.000600374
6.92273 0.0163745 0.000604113
6.82273 0.0170363 0.000610183
6.72273 0.0176603 0.000613665
6.62273 0.0181141 0.000610526
6.52273 0.0187002 0.000611094
6.42273 0.0192675 0.000610234
6.32273 0.0201562 0.000618397
6.22273 0.0208747 0.000620225
6.12273 0.0217256 0.000624825
6.02273 0.0223306 0.000621193
5.92273 0.0230681 0.000620487
5.82273 0.0240135 0.000624177
5.72273 0.0252047 0.000632745
5.62273 0.0262635 0.000636367
5.52273 0.0274737 0.000642157
5.42273 0.0286082 0.000644807
5.32273 0.030083 0.000653294
5.22273 0.0312364 0.000653357
5.12273 0.032352 0.000651254
5.02273 0.0335432 0.000649525
4.92273 0.034829 0.000648167
4.82273 0.0364929 0.000652469
4.72273 0.0381946 0.000655676
4.62273 0.0398775 0.000656826
4.52273 0.0413901 0.000653754
4.42273 0.0433566 0.000656039
4.32273 0.0457201 0.000662468
4.22273 0.0477055 0.00066146
4.12273 0.050069 0.00066386
4.02273 0.0524893 0.000665055
3.92273 0.0550041 0.000665528
3.82273 0.0577079 0.000666263
3.72273 0.0616409 0.000678478
3.62273 0.0650632 0.000682458
3.52273 0.0689394 0.000688382
3.42273 0.0731182 0.000694612
3.32273 0.0777129 0.00070183
3.22273 0.0819483 0.000703074
3.12273 0.0864485 0.000703989
3.02273 0.0912322 0.000704745
2.92273 0.0960917 0.000703632
2.82273 0.101102 0.000701306
2.72273 0.10651 0.000699337
2.62273 0.113033 0.000701991
2.52273 0.120048 0.000704792
2.42273 0.127744 0.000708345
2.32273 0.136272 0.000713315
2.22273 0.145177 0.000716906
2.12273 0.154594 0.000719701
2.02273 0.164256 0.000720503
1.92273 0.175487 0.000724963
1.82273 0.187116 0.000727539
1.72273 0.200711 0.000734193
1.62273 0.214325 0.000737261
1.52273 0.228771 0.000739769
1.42273 0.243387 0.00073966
1.32273 0.260064 0.000742615
1.22273 0.27727 0.000743841
1.12273 0.295063 0.000743697
1.02273 0.314955 0.000745878
0.922733 0.335791 0.000747526
0.822733 0.356572 0.000746604
0.722733 0.379224 0.000747389
0.622733 0.403748 0.000749735
0.522733 0.428007 0.000749655
0.422733 0.451831 0.00074761
0.322733 0.476885 0.000746671
0.222733 0.501749 0.000744881
0.122733 0.526311 0.000742463
0.0227327 0.548906 0.000737483
-0.0772673 0.571936 0.000733658
-0.177267 0.594796 0.00073027
-0.277267 0.617581 0.00072769
-0.377267 0.639817 0.000725337
-0.477267 0.661145 0.000723045
-0.577267 0.680564 0.000719818
-0.677267 0.699227 0.000716959
-0.777267 0.716641 0.000713991
-0.877267 0.734169 0.000712279
-0.977267 0.750827 0.000710814
-1.07727 0.765954 0.000708884
-1.17727 0.780154 0.000707073
-1.27727 0.793427 0.000705378
-1.37727 0.805396 0.000703376
-1.47727 0.816628 0.000701589
-1.57727 0.827406 0.000700161
-1.67727 0.837257 0.000698666
-1.77727 0.847032 0.000697731
-1.87727 0.85556 0.000696387
-1.97727 0.863842 0.000695412
-2.07727 0.871745 0.000694626
-2.17727 0.879763 0.000694406
-2.27727 0.886399 0.000693509
-2.37727 0.892601 0.000692688
-2.47727 0.897839 0.000691501
-2.57727 0.903473 0.000690958
-2.67727 0.908427 0.000690213
-2.77727 0.913835 0.000690096
-2.87727 0.918108 0.00068939
-2.97727 0.922344 0.000688892
-3.07727 0.926182 0.000688339
-3.17727 0.929434 0.000687563
-3.27727 0.932724 0.000687004
-3.37727 0.935901 0.000686537
-3.47727 0.938321 0.000685708
-3.57727 0.941592 0.000685645
-3.67727 0.944221 0.000685259
-3.77727 0.946773 0.000684946
-3.87727 0.949118 0.000684614
-3.97727 0.951595 0.000684487
-4.07727 0.953788 0.000684264
-4.17727 0.955925 0.000684103
-4.27727 0.957627 0.000683711
-4.37727 0.959347 0.000683432
-4.47727 0.961144 0.000683287
-4.57727 0.963072 0.000683299
-4.67727 0.964679 0.000683157
-4.77727 0.965927 0.000682829
-4.87727 0.9671 0.000682504
-4.97727 0.96831 0.00068227
-5.07727 0.969369 0.000681983
-5.17727 0.970749 0.000681967
-5.27727 0.971827 0.000681792
-5.37727 0.973037 0.000681754
-5.47727 0.974077 0.000681637
-5.57727 0.974814 0.000681351
-5.67727 0.975722 0.000681214
-5.77727 0.976592 0.000681086
-5.87727 0.977348 0.000680918
-5.97727 0.978218 0.000680859
-6.07727 0.978898 0.000680697
-6.17727 0.97973 0.000680664
-6.27727 0.980373 0.000680532
-6.37727 0.981054 0.00068045
-6.47727 0.981602 0.000680298
-6.57727 0.981962 0.00068004
-6.67727 0.982623 0.000680011
-6.77727 0.983228 0.000679962
-6.87727 0.983739 0.000679867
-6.97727 0.984231 0.000679779
-7.07727 0.984684 0.000679681
-7.17727 0.985346 0.000679743
-7.27727 0.986027 0.000679834
-7.37727 0.986556 0.000679836
-7.47727 0.986821 0.000679668
-7.57727 0.987294 0.000679658
-7.67727 0.987729 0.000679631
-7.77727 0.988201 0.000679645
-7.87727 0.988617 0.000679631
-7.97727 0.988901 0.000679537
-8.07727 0.989317 0.000679545
-8.17727 0.989582 0.000679456
-8.27727 0.98979 0.000679336
-8.37727 0.990111 0.000679308
-8.47727 0.990432 0.000679287
-8.57727 0.990622 0.000679184
-8.67727 0.990962 0.000679192
-8.77727 0.991264 0.000679183
-8.87727 0.991605 0.000679207
-8.97727 0.991851 0.000679171
-9.07727 0.992077 0.000679132
-9.17727 0.992229 0.000679048
-9.27727 0.992437 0.000679009
-9.37727 0.992626 0.000678961
-9.47727 0.992758 0.000678878
-9.57727 0.992872 0.000678792
-9.67727 0.993023 0.000678733
-9.77727 0.993155 0.000678668
-9.87727 0.993344 0.000678646
-9.97727 0.993533 0.00067863
-10.0773 0.993798 0.000678669
-11.0773 0.995367 0.00067854
-12.0773 0.996389 0.000678342
-13.0773 0.997107 0.000678146
-14.0773 0.997788 0.00067808
-15.0773 0.998242 0.000677972
-16.0773 0.998525 0.000677832
-17.0773 0.998828 0.000677773
-18.0773 0.998979 0.000677664
-19.0773 0.99913 0.000677594
-20.0773 0.999281 0.000677553
-21.0773 0.999376 0.000677501
-22.0773 0.999508 0.000677494
-23.0773 0.99966 0.000677517
-24.0773 0.999697 0.000677477
-25.0773 0.999735 0.000677449
-26.0773 0.999773 0.000677428
-27.0773 0.999792 0.000677401
-28.0773 0.999792 0.000677368
-29.0773 0.999811 0.000677353
-30.0773 0.999811 0.00067733
-31.0773 0.999887 0.000677363
-32.0773 0.999905 0.000677359
-33.0773 0.999905 0.000677345
-34.0773 0.999905 0.000677332
-35.0773 0.999943 0.000677347
-36.0773 0.999962 0.000677351
-37.0773 0.999962 0.000677343
-38.0773 0.999962 0.000677336
-39.0773 0.999962 0.00067733
-40.0773 0.999962 0.000677325
-41.0773 0.999962 0.00067732
-42.0773 0.999962 0.000677315
-43.0773 0.999962 0.000677312
-44.0773 0.999962 0.000677308
-45.0773 0.999962 0.000677305
-46.0773 0.999962 0.000677303
-47.0773 0.999962 0.0006773
-48.0773 0.999962 0.000677298
-49.0773 0.999962 0.000677296
-50.0773 0.999962 0.000677294
-51.0773 0.999962 0.000677293
-52.0773 0.999962 0.000677291
-53.0773 0.999962 0.00067729
-54.0773 0.999962 0.000677288
-55.0773 0.999962 0.000677287
-56.0773 0.999962 0.000677286
-57.0773 0.999962 0.000677285
-58.0773 0.999962 0.000677284
-59.0773 0.999962 0.000677283
-60.0773 0.999962 0.000677282
-61.0773 0.999962 0.000677281
-62.0773 0.999962 0.00067728
-63.0773 0.999962 0.00067728
-64.0773 0.999962 0.000677279
-65.0773 0.999962 0.000677278
-66.0773 0.999962 0.000677278
-67.0773 0.999962 0.000677277
-68.0773 0.999962 0.000677277
-69.0773 0.999962 0.000677277
-70.0773 0.999962 0.000677276
-71.0773 0.999962 0.000677276
-72.0773 0.999962 0.000677275
-73.0773 0.999962 0.000677275
-74.0773 0.999962 0.000677274
-75.0773 0.999962 0.000677274
-76.0773 0.999962 0.000677274
-77.0773 0.999962 0.000677273
-78.0773 0.999962 0.000677273
-79.0773 0.999962 0.000677273
-80.0773 0.999962 0.000677272
-81.0773 0.999962 0.000677272
-82.0773 0.999962 0.000677272
-83.0773 0.999962 0.000677272
-84.0773 0.999962 0.000677271
-85.0773 0.999962 0.000677271
-86.0773 0.999962 0.000677271
-87.0773 0.999962 0.000677271
-88.0773 0.999962 0.00067727
-89.0773 0.999962 0.00067727
-90.0773 0.999962 0.00067727
-91.0773 0.999962 0.00067727
-92.0773 0.999981 0.000677283
-93.0773 0.999981 0.000677282
-94.0773 0.999981 0.000677282
-95.0773 0.999981 0.000677282
-96.0773 0.999981 0.000677282
-97.0773 0.999981 0.000677282
-98.0773 0.999981 0.000677282
-99.0773 0.999981 0.000677282
-100.077 0.999981 0.000677282
-101.077 0.999981 0.000677281
-102.077 0.999981 0.000677281
-103.077 0.999981 0.000677281
-104.077 0.999981 0.000677281
-105.077 0.999981 0.000677281
-106.077 0.999981 0.000677281
-107.077 0.999981 0.000677281
-108.077 0.999981 0.000677281
-109.077 0.999981 0.000677281
-110.077 0.999981 0.000677281
-111.077 0.999981 0.00067728
-112.077 0.999981 0.00067728
-113.077 0.999981 0.00067728
-114.077 0.999981 0.00067728
-115.077 0.999981 0.00067728
-116.077 0.999981 0.00067728
-117.077 0.999981 0.00067728
-118.077 0.999981 0.00067728
-119.077 0.999981 0.00067728
-120.077 0.999981 0.00067728
-121.077 0.999981 0.00067728
-122.077 0.999981 0.00067728
-123.077 0.999981 0.00067728
-124.077 0.999981 0.00067728
-125.077 0.999981 0.00067728
-126.077 0.999981 0.00067728
-127.077 0.999981 0.00067728
-128.077 0.999981 0.00067728
-129.077 0.999981 0.00067728
-130.077 0.999981 0.00067728
-131.077 0.999981 0.00067728
-132.077 0.999981 0.00067728
-133.077 0.999981 0.00067728
-134.077 0.999981 0.000677279
-135.077 0.999981 0.000677279
-136.077 0.999981 0.000677279
-137.077 0.999981 0.000677279
-138.077 0.999981 0.000677279
-139.077 0.999981 0.000677279
-140.077 0.999981 0.000677279
-141.077 0.999981 0.000677279
-142.077 0.999981 0.000677279
-143.077 0.999981 0.000677279
-144.077 0.999981 0.000677279
-145.077 0.999981 0.000677279
-146.077 0.999981 0.000677279
-147.077 0.999981 0.000677279
-148.077 0.999981 0.000677279
-149.077 0.999981 0.000677279
-150.077 0.999981 0.000677279
-151.077 0.999981 0.000677279
-152.077 0.999981 0.000677279
-153.077 0.999981 0.000677279
-154.077 0.999981 0.000677279
-155.077 0.999981 0.000677279
-156.077 0.999981 0.000677279
-157.077 0.999981 0.000677279
-158.077 0.999981 0.000677279
-159.077 0.999981 0.000677279
-160.077 0.999981 0.000677279
-161.077 0.999981 0.000677279
-162.077 0.999981 0.000677279
-163.077 0.999981 0.000677279
-164.077 0.999981 0.000677279
-165.077 0.999981 0.000677279
-166.077 0.999981 0.000677279
-167.077 0.999981 0.000677279
-168.077 0.999981 0.000677279
-169.077 0.999981 0.000677279
-170.077 0.999981 0.000677279
-171.077 0.999981 0.000677279
-172.077 0.999981 0.000677279
-173.077 0.999981 0.000677279
-174.077 0.999981 0.000677279
-175.077 0.999981 0.000677279
-176.077 0.999981 0.000677279
-177.077 0.999981 0.000677279
-178.077 0.999981 0.000677279
-179.077 0.999981 0.000677279
-180.077 0.999981 0.000677279
-181.077 0.999981 0.000677279
-182.077 0.999981 0.000677279
-183.077 0.999981 0.000677279
-184.077 0.999981 0.000677279
-185.077 0.999981 0.000677279
-186.077 0.999981 0.000677279
-187.077 0.999981 0.000677279
-188.077 0.999981 0.000677279
-189.077 0.999981 0.000677279
-190.077 0.999981 0.000677279
-191.077 0.999981 0.000677279
-192.077 0.999981 0.000677279
-193.077 0.999981 0.000677279
-194.077 0.999981 0.000677279
-195.077 0.999981 0.000677279
-196.077 0.999981 0.000677279
-197.077 0.999981 0.000677279
-198.077 0.999981 0.000677279
-199.077 0.999981 0.000677279
-200.077 0.999981 0.000677279
-201.077 0.999981 0.000677279
-202.077 0.999981 0.000677279
-203.077 0.999981 0.000677279
-204.077 0.999981 0.000677279
-205.077 0.999981 0.000677279
-206.077 0.999981 0.000677279
