Value Recall Precision 
563.533 0 0
562.533 0 0
561.533 0 0
560.533 0 0
559.533 0 0
558.533 0 0
557.533 0 0
556.533 0 0
555.533 0 0
554.533 0 0
553.533 0 0
552.533 0 0
551.533 0 0
550.533 0 0
549.533 0 0
548.533 0 0
547.533 0 0
546.533 0 0
545.533 0 0
544.533 0 0
543.533 0 0
542.533 0 0
541.533 0 0
540.533 0 0
539.533 0 0
538.533 0 0
537.533 0 0
536.533 0 0
535.533 0 0
534.533 0 0
533.533 0 0
532.533 0 0
531.533 0 0
530.533 0 0
529.533 0 0
528.533 0 0
527.533 0 0
526.533 0 0
525.533 0 0
524.533 0 0
523.533 0 0
522.533 0 0
521.533 0 0
520.533 0 0
519.533 0 0
518.533 0 0
517.533 0 0
516.533 0 0
515.533 0 0
514.533 0 0
513.533 0 0
512.533 0 0
511.533 0 0
510.533 0 0
509.533 0 0
508.533 0 0
507.533 0 0
506.533 0 0
505.533 0 0
504.533 0 0
503.533 0 0
502.533 0 0
501.533 0 0
500.533 0 0
499.533 0 0
498.533 0 0
497.533 0 0
496.533 0 0
495.533 0 0
494.533 0 0
493.533 0 0
492.533 0 0
491.533 0 0
490.533 0 0
489.533 0 0
488.533 0 0
487.533 0 0
486.533 0 0
485.533 0 0
484.533 0 0
483.533 0 0
482.533 0 0
481.533 0 0
480.533 0 0
479.533 0 0
478.533 0 0
477.533 0 0
476.533 0 0
475.533 0 0
474.533 0 0
473.533 0 0
472.533 0 0
471.533 0 0
470.533 0 0
469.533 0 0
468.533 0 0
467.533 0 0
466.533 0 0
465.533 0 0
464.533 0 0
463.533 0 0
462.533 0 0
461.533 0 0
460.533 0 0
459.533 0 0
458.533 0 0
457.533 0 0
456.533 0 0
455.533 0 0
454.533 0 0
453.533 0 0
452.533 0 0
451.533 0 0
450.533 0 0
449.533 0 0
448.533 0 0
447.533 0 0
446.533 0 0
445.533 0 0
444.533 0 0
443.533 0 0
442.533 0 0
441.533 0 0
440.533 0 0
439.533 0 0
438.533 0 0
437.533 0 0
436.533 0 0
435.533 0 0
434.533 0 0
433.533 0 0
432.533 0 0
431.533 0 0
430.533 0 0
429.533 0 0
428.533 0 0
427.533 0 0
426.533 0 0
425.533 0 0
424.533 0 0
423.533 0 0
422.533 0 0
421.533 0 0
420.533 0 0
419.533 0 0
418.533 0 0
417.533 0 0
416.533 0 0
415.533 0 0
414.533 0 0
413.533 0 0
412.533 0 0
411.533 0 0
410.533 0 0
409.533 0 0
408.533 0 0
407.533 0 0
406.533 0 0
405.533 0 0
404.533 0 0
403.533 0 0
402.533 0 0
401.533 0 0
400.533 0 0
399.533 0 0
398.533 0 0
397.533 0 0
396.533 0 0
395.533 0 0
394.533 0 0
393.533 0 0
392.533 0 0
391.533 0 0
390.533 0 0
389.533 0 0
388.533 0 0
387.533 0 0
386.533 0 0
385.533 0 0
384.533 0 0
383.533 0 0
382.533 0 0
381.533 0 0
380.533 0 0
379.533 0 0
378.533 0 0
377.533 0 0
376.533 0 0
375.533 0 0
374.533 0 0
373.533 0 0
372.533 0 0
371.533 0 0
370.533 0 0
369.533 0 0
368.533 0 0
367.533 0 0
366.533 0 0
365.533 0 0
364.533 0 0
363.533 0 0
362.533 0 0
361.533 0 0
360.533 0 0
359.533 0 0
358.533 0 0
357.533 0 0
356.533 0 0
355.533 0 0
354.533 0 0
353.533 0 0
352.533 0 0
351.533 0 0
350.533 0 0
349.533 0 0
348.533 0 0
347.533 0 0
346.533 0 0
345.533 0 0
344.533 0 0
343.533 0 0
342.533 0 0
341.533 0 0
340.533 0 0
339.533 0 0
338.533 0 0
337.533 0 0
336.533 0 0
335.533 0 0
334.533 0 0
333.533 0 0
332.533 0 0
331.533 0 0
330.533 0 0
329.533 0 0
328.533 0 0
327.533 0 0
326.533 0 0
325.533 0 0
324.533 0 0
323.533 0 0
322.533 0 0
321.533 0 0
320.533 0 0
319.533 0 0
318.533 0 0
317.533 0 0
316.533 0 0
315.533 0 0
314.533 0 0
313.533 0 0
312.533 0 0
311.533 0 0
310.533 0 0
309.533 0 0
308.533 0 0
307.533 0 0
306.533 0 0
305.533 0 0
304.533 0 0
303.533 0 0
302.533 0 0
301.533 0 0
300.533 0 0
299.533 0 0
298.533 0 0
297.533 0 0
296.533 0 0
295.533 0 0
294.533 0 0
293.533 0 0
292.533 0 0
291.533 0 0
290.533 0 0
289.533 0 0
288.533 0 0
287.533 0 0
286.533 0 0
285.533 0 0
284.533 0 0
283.533 0 0
282.533 0 0
281.533 0 0
280.533 0 0
279.533 0 0
278.533 0 0
277.533 0 0
276.533 0 0
275.533 0 0
274.533 0 0
273.533 0 0
272.533 0 0
271.533 0 0
270.533 0 0
269.533 0 0
268.533 0 0
267.533 0 0
266.533 0 0
265.533 0 0
264.533 0 0
263.533 0 0
262.533 0 0
261.533 0 0
260.533 0 0
259.533 0 0
258.533 0 0
257.533 0 0
256.533 0 0
255.533 0 0
254.533 0 0
253.533 0 0
252.533 0 0
251.533 0 0
250.533 0 0
249.533 0 0
248.533 0 0
247.533 0 0
246.533 0 0
245.533 0 0
244.533 0 0
243.533 0 0
242.533 0 0
241.533 0 0
240.533 0 0
239.533 0 0
238.533 0 0
237.533 0 0
236.533 0 0
235.533 0 0
234.533 0 0
233.533 0 0
232.533 0 0
231.533 0 0
230.533 0 0
229.533 0 0
228.533 0 0
227.533 0 0
226.533 0 0
225.533 0 0
224.533 0 0
223.533 0 0
222.533 0 0
221.533 0 0
220.533 0 0
219.533 0 0
218.533 0 0
217.533 0 0
216.533 0 0
215.533 0 0
214.533 0 0
213.533 0 0
212.533 0 0
211.533 0 0
210.533 0 0
209.533 0 0
208.533 0 0
207.533 0 0
206.533 0 0
205.533 0 0
204.533 0 0
203.533 0 0
202.533 0 0
201.533 0 0
200.533 0 0
199.533 0 0
198.533 0 0
197.533 0 0
196.533 0 0
195.533 0 0
194.533 0 0
193.533 0 0
192.533 0 0
191.533 0 0
190.533 0 0
189.533 0 0
188.533 0 0
187.533 0 0
186.533 0 0
185.533 0 0
184.533 0 0
183.533 0 0
182.533 0 0
181.533 0 0
180.533 0 0
179.533 1.89082e-05 0.0045045
178.533 1.89082e-05 0.00440529
177.533 1.89082e-05 0.00429185
176.533 1.89082e-05 0.00411523
175.533 1.89082e-05 0.00403226
174.533 1.89082e-05 0.00395257
173.533 1.89082e-05 0.00380228
172.533 1.89082e-05 0.00361011
171.533 1.89082e-05 0.0035461
170.533 1.89082e-05 0.00341297
169.533 1.89082e-05 0.00331126
168.533 1.89082e-05 0.00330033
167.533 1.89082e-05 0.00322581
166.533 1.89082e-05 0.00316456
165.533 1.89082e-05 0.0030581
164.533 1.89082e-05 0.00301205
163.533 1.89082e-05 0.00297619
162.533 1.89082e-05 0.00288184
161.533 1.89082e-05 0.00280899
160.533 1.89082e-05 0.00274725
159.533 1.89082e-05 0.00271003
158.533 1.89082e-05 0.00263158
157.533 1.89082e-05 0.00257069
156.533 1.89082e-05 0.00251256
155.533 1.89082e-05 0.00242718
154.533 1.89082e-05 0.00235294
153.533 1.89082e-05 0.00229885
152.533 1.89082e-05 0.00219298
151.533 1.89082e-05 0.00212766
150.533 1.89082e-05 0.00208333
149.533 1.89082e-05 0.00201613
148.533 1.89082e-05 0.00197628
147.533 1.89082e-05 0.0019305
146.533 1.89082e-05 0.00188679
145.533 1.89082e-05 0.00184162
144.533 1.89082e-05 0.00177936
143.533 1.89082e-05 0.00173913
142.533 1.89082e-05 0.00170648
141.533 1.89082e-05 0.00166945
140.533 1.89082e-05 0.00162602
139.533 1.89082e-05 0.00157978
138.533 1.89082e-05 0.00154083
137.533 1.89082e-05 0.00151745
136.533 1.89082e-05 0.00145138
135.533 1.89082e-05 0.00140056
134.533 1.89082e-05 0.00136612
133.533 1.89082e-05 0.00133333
132.533 1.89082e-05 0.00130378
131.533 1.89082e-05 0.00126582
130.533 1.89082e-05 0.00123305
129.533 1.89082e-05 0.00119617
128.533 1.89082e-05 0.00116279
127.533 1.89082e-05 0.00113122
126.533 1.89082e-05 0.00110375
125.533 1.89082e-05 0.00107181
124.533 1.89082e-05 0.00103306
123.533 1.89082e-05 0.000997009
122.533 1.89082e-05 0.000972763
121.533 1.89082e-05 0.000929368
120.533 3.78165e-05 0.00181653
119.533 5.67247e-05 0.00263389
118.533 5.67247e-05 0.0025729
117.533 5.67247e-05 0.00247321
116.533 5.67247e-05 0.0024
115.533 5.67247e-05 0.00233463
114.533 5.67247e-05 0.00225564
113.533 5.67247e-05 0.00218659
112.533 5.67247e-05 0.00212014
111.533 5.67247e-05 0.00203528
110.533 5.67247e-05 0.00197759
109.533 5.67247e-05 0.00191083
108.533 5.67247e-05 0.00184729
107.533 5.67247e-05 0.00178253
106.533 5.67247e-05 0.00172513
105.533 5.67247e-05 0.00166482
104.533 5.67247e-05 0.00161551
103.533 5.67247e-05 0.00156006
102.533 5.67247e-05 0.00150981
101.533 5.67247e-05 0.00146413
100.533 5.67247e-05 0.00141509
99.5333 5.67247e-05 0.00137868
98.5333 5.67247e-05 0.00132685
97.5333 5.67247e-05 0.00129032
96.5333 5.67247e-05 0.00123865
95.5333 5.67247e-05 0.00119284
94.5333 5.67247e-05 0.00114329
93.5333 5.67247e-05 0.00110538
92.5333 5.67247e-05 0.0010699
91.5333 5.67247e-05 0.00102916
90.5333 5.67247e-05 0.000986518
89.5333 5.67247e-05 0.000948767
88.5333 5.67247e-05 0.000909366
87.5333 5.67247e-05 0.000875146
86.5333 5.67247e-05 0.000842697
85.5333 5.67247e-05 0.00081103
84.5333 5.67247e-05 0.000777807
83.5333 5.67247e-05 0.000748316
82.5333 5.67247e-05 0.000717532
81.5333 5.67247e-05 0.000691244
80.5333 5.67247e-05 0.000658328
79.5333 5.67247e-05 0.000628931
78.5333 5.67247e-05 0.0006035
77.5333 7.5633e-05 0.000769083
76.5333 7.5633e-05 0.0007357
75.5333 9.45412e-05 0.000880902
74.5333 9.45412e-05 0.000840901
73.5333 9.45412e-05 0.000802955
72.5333 9.45412e-05 0.000768521
71.5333 0.000113449 0.00087925
70.5333 0.000113449 0.000839161
69.5333 0.000113449 0.000804074
68.5333 0.000113449 0.00076864
67.5333 0.000113449 0.000732332
66.5333 0.000132358 0.000810373
65.5333 0.000132358 0.000775537
64.5333 0.000132358 0.000737541
63.5333 0.000132358 0.0007
62.5333 0.000132358 0.000664578
61.5333 0.000132358 0.000631598
60.5333 0.000132358 0.000599572
59.5333 0.000132358 0.000568182
58.5333 0.000132358 0.000538627
57.5333 0.000132358 0.000508536
56.5333 0.000132358 0.000480406
55.5333 0.000132358 0.000455285
54.5333 0.000132358 0.00042958
53.5333 0.000132358 0.000406457
52.5333 0.000132358 0.000384088
51.5333 0.000170174 0.000466636
50.5333 0.000189082 0.000491497
49.5333 0.000226899 0.000554631
48.5333 0.000226899 0.000522739
47.5333 0.000226899 0.000492287
46.5333 0.000226899 0.000462981
45.5333 0.000245807 0.000471424
44.5333 0.000264715 0.000475124
43.5333 0.000264715 0.000445137
42.5333 0.000283624 0.000445011
41.5333 0.000378165 0.000553879
40.5333 0.000415981 0.000567815
39.5333 0.000434889 0.000552194
38.5333 0.000434889 0.000513806
37.5333 0.000434889 0.000477654
36.5333 0.000529431 0.000539104
35.5333 0.000548339 0.00051819
34.5333 0.000586155 0.000513254
33.5333 0.000605064 0.000489866
32.5333 0.00064288 0.000480145
31.5333 0.000737421 0.000508461
30.5333 0.000850871 0.000539924
29.5333 0.00096432 0.000561804
28.5333 0.00103995 0.000555634
27.5333 0.00105886 0.000518245
26.5333 0.00117231 0.000522986
25.5333 0.00139921 0.000568365
24.5333 0.00158829 0.000586036
23.5333 0.00185301 0.000620002
22.5333 0.00198537 0.000600769
21.5333 0.00223117 0.000608335
20.5333 0.00247698 0.000607125
19.5333 0.00279842 0.000614776
18.5333 0.00317658 0.000621718
17.5333 0.00338457 0.000586972
16.5333 0.00383837 0.000588138
15.5333 0.0043678 0.000587936
14.5333 0.00508632 0.000597741
13.5333 0.00591828 0.0006018
12.5333 0.00673133 0.000587432
11.5333 0.00811163 0.000601449
10.5333 0.00973774 0.000605437
9.53333 0.0115908 0.000595213
9.43333 0.0118744 0.00059767
9.33333 0.0120824 0.000595941
9.23333 0.0123849 0.000598366
9.13333 0.0126118 0.000596874
9.03333 0.0130089 0.000602774
8.93333 0.0132925 0.000602966
8.83333 0.0135572 0.000602123
8.73333 0.014011 0.000608857
8.63333 0.0144081 0.000612525
8.53333 0.0147295 0.000612497
8.43333 0.0150699 0.000612738
8.33333 0.0154858 0.000615273
8.23333 0.0157506 0.000611744
8.13333 0.0161665 0.000613639
8.03333 0.0166203 0.000616171
7.93333 0.0171498 0.00062089
7.83333 0.0175658 0.000620822
7.73333 0.0178494 0.000615658
7.63333 0.0183599 0.000617769
7.53333 0.0187002 0.000613564
7.43333 0.019173 0.000613445
7.33333 0.0195133 0.000608574
7.23333 0.0200049 0.000607988
7.13333 0.0207991 0.000615631
7.03333 0.0215365 0.000620664
6.93333 0.0221226 0.000620439
6.83333 0.0228412 0.000623341
6.73333 0.0235218 0.000624401
6.63333 0.0240702 0.000621273
6.53333 0.0246563 0.00061853
6.43333 0.0252614 0.000615735
6.33333 0.0261501 0.000619013
6.23333 0.0269631 0.000619595
6.13333 0.0277573 0.000619036
6.03333 0.0287783 0.000622421
5.93333 0.0298183 0.000625168
5.83333 0.0307637 0.000625005
5.73333 0.0321062 0.000631767
5.63333 0.0334109 0.000636435
5.53333 0.034829 0.000641955
5.43333 0.0359067 0.000640161
5.33333 0.0371925 0.000641007
5.23333 0.0386106 0.000642948
5.13333 0.0403124 0.000648303
5.03333 0.0419007 0.000650347
4.93333 0.0436591 0.000653782
4.83333 0.045323 0.000654631
4.73333 0.0471761 0.000656582
4.63333 0.0489534 0.000656219
4.53333 0.050901 0.000656632
4.43333 0.0532267 0.000660428
4.33333 0.0555713 0.000662794
4.23333 0.0581996 0.00066687
4.13333 0.060374 0.000664305
4.03333 0.0626997 0.00066196
3.93333 0.0656872 0.000664985
3.83333 0.0687125 0.000666528
3.73333 0.0720215 0.000669012
3.63333 0.0752926 0.000669282
3.53333 0.0786961 0.000669052
3.43333 0.0825156 0.000670511
3.33333 0.0862027 0.000668932
3.23333 0.0904948 0.00067018
3.13333 0.095411 0.000673811
3.03333 0.100006 0.000673066
2.93333 0.104903 0.000672497
2.83333 0.110727 0.000675611
2.73333 0.116153 0.000674111
2.63333 0.122601 0.000676291
2.53333 0.130126 0.000681791
2.43333 0.137236 0.000682527
2.33333 0.14514 0.000684811
2.23333 0.154234 0.000689876
2.13333 0.162686 0.00068954
2.03333 0.171668 0.000689038
1.93333 0.181481 0.00068947
1.83333 0.191843 0.000689493
1.73333 0.202696 0.000688942
1.63333 0.214495 0.000689164
1.53333 0.227409 0.000690495
1.43333 0.240475 0.000689743
1.33333 0.255999 0.000693607
1.23333 0.271201 0.000694042
1.13333 0.287746 0.000695656
1.03333 0.304309 0.000695177
0.933326 0.322026 0.000695352
0.833326 0.341199 0.000696773
0.733326 0.361072 0.000697773
0.633326 0.382287 0.000699651
0.533326 0.404334 0.000701615
0.433326 0.426475 0.000702495
0.333326 0.448428 0.00070215
0.233326 0.470097 0.000700811
0.133326 0.493032 0.000701031
0.0333262 0.515779 0.000700889
-0.0666738 0.539433 0.000701973
-0.166674 0.560913 0.000700415
-0.266674 0.583262 0.00070041
-0.366674 0.605083 0.000700322
-0.466674 0.625579 0.000699437
-0.566674 0.644374 0.000697474
-0.666674 0.663679 0.000696928
-0.766674 0.68219 0.000696409
-0.866674 0.700796 0.00069683
-0.966674 0.71891 0.000697588
-1.06667 0.735058 0.00069722
-1.16667 0.749731 0.000696285
-1.26667 0.763439 0.000695236
-1.36667 0.776599 0.000694445
-1.46667 0.789116 0.000693781
-1.56667 0.800197 0.000692562
-1.66667 0.810823 0.000691597
-1.76667 0.821147 0.000690983
-1.86667 0.831263 0.000690732
-1.96667 0.840339 0.00069014
-2.06667 0.849547 0.000690149
-2.16667 0.857942 0.000689936
-2.26667 0.865184 0.000689211
-2.36667 0.872313 0.000688792
-2.46667 0.878628 0.000688114
-2.56667 0.884943 0.000687774
-2.66667 0.890918 0.000687491
-2.76667 0.896024 0.000686823
-2.86667 0.900524 0.00068597
-2.96667 0.905251 0.000685552
-3.06667 0.909467 0.000684978
-3.16667 0.914005 0.000684875
-3.26667 0.918373 0.000684851
-3.36667 0.922079 0.000684521
-3.46667 0.92588 0.000684438
-3.56667 0.929264 0.000684209
-3.66667 0.932441 0.000683986
-3.76667 0.935239 0.000683627
-3.86667 0.938 0.000683373
-3.96667 0.941006 0.000683423
-4.06667 0.94337 0.000683119
-4.16667 0.94613 0.000683211
-4.26667 0.948418 0.000683068
-4.36667 0.950196 0.000682643
-4.46667 0.952351 0.000682583
-4.56667 0.954072 0.000682301
-4.66667 0.955849 0.000682134
-4.76667 0.957532 0.000681977
-4.86667 0.959045 0.000681759
-4.96667 0.960595 0.000681645
-5.06667 0.961862 0.000681383
-5.16667 0.963015 0.000681098
-5.26667 0.964453 0.000681066
-5.36667 0.965492 0.000680807
-5.46667 0.966495 0.000680566
-5.56667 0.967932 0.000680676
-5.66667 0.969066 0.000680614
-5.76667 0.970049 0.000680484
-5.86667 0.971051 0.000680406
-5.96667 0.971959 0.000680293
-6.06667 0.972791 0.000680165
-6.16667 0.973585 0.000680036
-6.26667 0.974266 0.000679862
-6.36667 0.975098 0.000679815
-6.46667 0.97576 0.000679679
-6.56667 0.976421 0.000679568
-6.66667 0.977102 0.000679492
-6.76667 0.977613 0.000679325
-6.86667 0.978312 0.000679307
-6.96667 0.978974 0.000679281
-7.06667 0.97956 0.000679226
-7.16667 0.980071 0.000679132
-7.26667 0.980543 0.000679027
-7.36667 0.981186 0.000679061
-7.46667 0.981583 0.000678939
-7.56667 0.981999 0.000678844
-7.66667 0.982548 0.000678854
-7.76667 0.982907 0.000678747
-7.86667 0.983361 0.00067872
-7.96667 0.983815 0.000678704
-8.06667 0.984212 0.000678659
-8.16667 0.984609 0.000678625
-8.26667 0.9851 0.000678666
-8.36667 0.98546 0.000678627
-8.46667 0.985743 0.000678545
-8.56667 0.986046 0.000678482
-8.66667 0.986594 0.000678602
-8.76667 0.986915 0.000678572
-8.86667 0.987237 0.000678551
-8.96667 0.987426 0.000678446
-9.06667 0.98771 0.000678416
-9.16667 0.988069 0.000678444
-9.26667 0.988371 0.000678435
-9.36667 0.988579 0.000678371
-9.46667 0.988863 0.000678364
-9.56667 0.98909 0.000678326
-9.66667 0.989374 0.000678334
-9.76667 0.989638 0.000678331
-9.86667 0.989827 0.000678284
-9.96667 0.990111 0.000678307
-10.0667 0.990319 0.000678282
-11.0667 0.992267 0.000678177
-12.0667 0.993666 0.000678029
-13.0667 0.994876 0.000677994
-14.0667 0.99584 0.000677968
-15.0667 0.996521 0.000677886
-16.0667 0.996994 0.000677763
-17.0667 0.997485 0.000677731
-18.0667 0.99792 0.000677724
-19.0667 0.998204 0.000677664
-20.0667 0.998374 0.000677569
-21.0667 0.99862 0.000677556
-22.0667 0.998809 0.000677531
-23.0667 0.99896 0.000677504
-24.0667 0.99913 0.000677509
-25.0667 0.999244 0.000677491
-26.0667 0.999338 0.000677474
-27.0667 0.999414 0.000677454
-28.0667 0.999452 0.000677418
-29.0667 0.999584 0.000677454
-30.0667 0.999622 0.000677432
-31.0667 0.999679 0.000677429
-32.0667 0.999679 0.000677393
-33.0667 0.999697 0.000677374
-34.0667 0.999697 0.000677346
-35.0667 0.999716 0.000677334
-36.0667 0.999773 0.00067735
-37.0667 0.999792 0.000677342
-38.0667 0.99983 0.00067735
-39.0667 0.999849 0.000677346
-40.0667 0.999887 0.000677358
-41.0667 0.999887 0.000677346
-42.0667 0.999887 0.000677335
-43.0667 0.999887 0.000677325
-44.0667 0.999924 0.000677341
-45.0667 0.999924 0.000677334
-46.0667 0.999924 0.000677326
-47.0667 0.999924 0.00067732
-48.0667 0.999924 0.000677314
-49.0667 0.999924 0.000677308
-50.0667 0.999924 0.000677304
-51.0667 0.999924 0.000677299
-52.0667 0.999924 0.000677295
-53.0667 0.999924 0.000677291
-54.0667 0.999924 0.000677288
-55.0667 0.999924 0.000677285
-56.0667 0.999924 0.000677283
-57.0667 0.999924 0.00067728
-58.0667 0.999924 0.000677278
-59.0667 0.999924 0.000677275
-60.0667 0.999924 0.000677273
-61.0667 0.999924 0.000677271
-62.0667 0.999924 0.000677269
-63.0667 0.999924 0.000677268
-64.0667 0.999943 0.000677279
-65.0667 0.999962 0.000677291
-66.0667 0.999962 0.000677289
-67.0667 0.999962 0.000677288
-68.0667 0.999962 0.000677287
-69.0667 0.999962 0.000677286
-70.0667 0.999962 0.000677285
-71.0667 0.999962 0.000677284
-72.0667 0.999962 0.000677283
-73.0667 0.999962 0.000677282
-74.0667 0.999962 0.000677282
-75.0667 0.999962 0.000677281
-76.0667 0.999962 0.00067728
-77.0667 0.999962 0.00067728
-78.0667 0.999981 0.000677292
-79.0667 0.999981 0.000677291
-80.0667 0.999981 0.000677291
-81.0667 0.999981 0.00067729
-82.0667 0.999981 0.00067729
-83.0667 0.999981 0.000677289
-84.0667 0.999981 0.000677289
-85.0667 0.999981 0.000677288
-86.0667 0.999981 0.000677288
-87.0667 0.999981 0.000677287
-88.0667 0.999981 0.000677287
-89.0667 0.999981 0.000677287
-90.0667 0.999981 0.000677286
-91.0667 0.999981 0.000677286
-92.0667 0.999981 0.000677286
-93.0667 0.999981 0.000677285
-94.0667 0.999981 0.000677285
-95.0667 0.999981 0.000677285
-96.0667 0.999981 0.000677285
-97.0667 0.999981 0.000677284
-98.0667 0.999981 0.000677284
-99.0667 0.999981 0.000677284
-100.067 0.999981 0.000677284
-101.067 0.999981 0.000677284
-102.067 0.999981 0.000677283
-103.067 0.999981 0.000677283
-104.067 0.999981 0.000677283
-105.067 0.999981 0.000677283
-106.067 0.999981 0.000677283
-107.067 0.999981 0.000677283
-108.067 0.999981 0.000677282
-109.067 0.999981 0.000677282
-110.067 0.999981 0.000677282
-111.067 0.999981 0.000677282
-112.067 0.999981 0.000677282
-113.067 0.999981 0.000677282
-114.067 0.999981 0.000677282
-115.067 0.999981 0.000677282
-116.067 0.999981 0.000677282
-117.067 0.999981 0.000677281
-118.067 0.999981 0.000677281
-119.067 0.999981 0.000677281
-120.067 0.999981 0.000677281
-121.067 0.999981 0.000677281
-122.067 0.999981 0.000677281
-123.067 0.999981 0.000677281
-124.067 0.999981 0.000677281
-125.067 0.999981 0.000677281
-126.067 0.999981 0.000677281
-127.067 0.999981 0.000677281
-128.067 0.999981 0.000677281
-129.067 0.999981 0.000677281
-130.067 0.999981 0.00067728
-131.067 0.999981 0.00067728
-132.067 0.999981 0.00067728
-133.067 0.999981 0.00067728
-134.067 0.999981 0.00067728
-135.067 0.999981 0.00067728
-136.067 0.999981 0.00067728
-137.067 0.999981 0.00067728
-138.067 0.999981 0.00067728
-139.067 0.999981 0.00067728
-140.067 0.999981 0.00067728
-141.067 0.999981 0.00067728
-142.067 0.999981 0.00067728
-143.067 0.999981 0.00067728
-144.067 0.999981 0.00067728
-145.067 0.999981 0.00067728
-146.067 0.999981 0.00067728
-147.067 0.999981 0.00067728
-148.067 0.999981 0.00067728
-149.067 0.999981 0.00067728
-150.067 0.999981 0.00067728
-151.067 0.999981 0.00067728
-152.067 0.999981 0.00067728
-153.067 0.999981 0.00067728
-154.067 0.999981 0.00067728
-155.067 0.999981 0.00067728
-156.067 0.999981 0.00067728
-157.067 0.999981 0.000677279
-158.067 0.999981 0.000677279
-159.067 0.999981 0.000677279
-160.067 0.999981 0.000677279
-161.067 0.999981 0.000677279
-162.067 0.999981 0.000677279
-163.067 0.999981 0.000677279
-164.067 0.999981 0.000677279
-165.067 0.999981 0.000677279
-166.067 0.999981 0.000677279
-167.067 0.999981 0.000677279
-168.067 0.999981 0.000677279
-169.067 0.999981 0.000677279
-170.067 0.999981 0.000677279
-171.067 0.999981 0.000677279
-172.067 0.999981 0.000677279
-173.067 0.999981 0.000677279
-174.067 0.999981 0.000677279
-175.067 0.999981 0.000677279
-176.067 0.999981 0.000677279
-177.067 0.999981 0.000677279
-178.067 0.999981 0.000677279
-179.067 0.999981 0.000677279
-180.067 0.999981 0.000677279
-181.067 0.999981 0.000677279
-182.067 0.999981 0.000677279
-183.067 0.999981 0.000677279
-184.067 0.999981 0.000677279
-185.067 0.999981 0.000677279
-186.067 0.999981 0.000677279
-187.067 0.999981 0.000677279
-188.067 0.999981 0.000677279
-189.067 0.999981 0.000677279
-190.067 0.999981 0.000677279
-191.067 0.999981 0.000677279
-192.067 0.999981 0.000677279
-193.067 0.999981 0.000677279
-194.067 0.999981 0.000677279
-195.067 0.999981 0.000677279
-196.067 0.999981 0.000677279
-197.067 0.999981 0.000677279
-198.067 0.999981 0.000677279
-199.067 0.999981 0.000677279
-200.067 0.999981 0.000677279
-201.067 0.999981 0.000677279
-202.067 0.999981 0.000677279
-203.067 0.999981 0.000677279
-204.067 0.999981 0.000677279
-205.067 0.999981 0.000677279
-206.067 0.999981 0.000677279
-207.067 0.999981 0.000677279
-208.067 0.999981 0.000677279
-209.067 0.999981 0.000677279
-210.067 0.999981 0.000677279
-211.067 0.999981 0.000677279
-212.067 0.999981 0.000677279
-213.067 0.999981 0.000677279
-214.067 0.999981 0.000677279
-215.067 0.999981 0.000677279
-216.067 0.999981 0.000677279
-217.067 0.999981 0.000677279
-218.067 0.999981 0.000677279
-219.067 0.999981 0.000677279
-220.067 0.999981 0.000677279
-221.067 0.999981 0.000677279
-222.067 0.999981 0.000677279
-223.067 0.999981 0.000677279
-224.067 0.999981 0.000677279
-225.067 0.999981 0.000677279
-226.067 0.999981 0.000677279
-227.067 0.999981 0.000677279
-228.067 0.999981 0.000677279
-229.067 0.999981 0.000677279
-230.067 0.999981 0.000677279
-231.067 0.999981 0.000677279
-232.067 0.999981 0.000677279
-233.067 0.999981 0.000677279
-234.067 0.999981 0.000677279
-235.067 0.999981 0.000677279
-236.067 0.999981 0.000677279
-237.067 0.999981 0.000677279
-238.067 0.999981 0.000677279
-239.067 0.999981 0.000677279
-240.067 0.999981 0.000677279
-241.067 0.999981 0.000677279
-242.067 0.999981 0.000677279
-243.067 0.999981 0.000677279
-244.067 0.999981 0.000677279
-245.067 0.999981 0.000677279
-246.067 0.999981 0.000677279
-247.067 0.999981 0.000677279
-248.067 0.999981 0.000677279
-249.067 0.999981 0.000677279
-250.067 0.999981 0.000677279
-251.067 0.999981 0.000677279
-252.067 0.999981 0.000677279
-253.067 0.999981 0.000677279
-254.067 0.999981 0.000677279
-255.067 0.999981 0.000677279
-256.067 0.999981 0.000677279
-257.067 0.999981 0.000677279
-258.067 0.999981 0.000677279
