Value Recall Precision 
883.589 0 0
882.589 0 0
881.589 0 0
880.589 0 0
879.589 0 0
878.589 0 0
877.589 0 0
876.589 0 0
875.589 0 0
874.589 0 0
873.589 0 0
872.589 0 0
871.589 0 0
870.589 0 0
869.589 0 0
868.589 0 0
867.589 0 0
866.589 0 0
865.589 0 0
864.589 0 0
863.589 0 0
862.589 0 0
861.589 0 0
860.589 0 0
859.589 0 0
858.589 0 0
857.589 0 0
856.589 0 0
855.589 0 0
854.589 0 0
853.589 0 0
852.589 0 0
851.589 0 0
850.589 0 0
849.589 0 0
848.589 0 0
847.589 0 0
846.589 0 0
845.589 0 0
844.589 0 0
843.589 0 0
842.589 0 0
841.589 0 0
840.589 0 0
839.589 0 0
838.589 0 0
837.589 0 0
836.589 0 0
835.589 0 0
834.589 0 0
833.589 0 0
832.589 0 0
831.589 0 0
830.589 0 0
829.589 0 0
828.589 0 0
827.589 0 0
826.589 0 0
825.589 0 0
824.589 0 0
823.589 0 0
822.589 0 0
821.589 0 0
820.589 0 0
819.589 0 0
818.589 0 0
817.589 0 0
816.589 0 0
815.589 0 0
814.589 0 0
813.589 0 0
812.589 0 0
811.589 0 0
810.589 0 0
809.589 0 0
808.589 0 0
807.589 0 0
806.589 0 0
805.589 0 0
804.589 0 0
803.589 0 0
802.589 0 0
801.589 0 0
800.589 0 0
799.589 0 0
798.589 0 0
797.589 0 0
796.589 0 0
795.589 0 0
794.589 0 0
793.589 0 0
792.589 0 0
791.589 0 0
790.589 0 0
789.589 0 0
788.589 0 0
787.589 0 0
786.589 0 0
785.589 0 0
784.589 0 0
783.589 0 0
782.589 0 0
781.589 0 0
780.589 0 0
779.589 0 0
778.589 0 0
777.589 0 0
776.589 0 0
775.589 0 0
774.589 0 0
773.589 0 0
772.589 0 0
771.589 0 0
770.589 0 0
769.589 0 0
768.589 0 0
767.589 0 0
766.589 0 0
765.589 0 0
764.589 0 0
763.589 0 0
762.589 0 0
761.589 0 0
760.589 0 0
759.589 0 0
758.589 0 0
757.589 0 0
756.589 0 0
755.589 0 0
754.589 0 0
753.589 0 0
752.589 0 0
751.589 0 0
750.589 0 0
749.589 0 0
748.589 0 0
747.589 0 0
746.589 0 0
745.589 0 0
744.589 0 0
743.589 0 0
742.589 0 0
741.589 0 0
740.589 0 0
739.589 0 0
738.589 0 0
737.589 0 0
736.589 0 0
735.589 0 0
734.589 0 0
733.589 0 0
732.589 0 0
731.589 0 0
730.589 0 0
729.589 0 0
728.589 0 0
727.589 0 0
726.589 0 0
725.589 0 0
724.589 0 0
723.589 0 0
722.589 0 0
721.589 0 0
720.589 0 0
719.589 0 0
718.589 0 0
717.589 0 0
716.589 0 0
715.589 0 0
714.589 0 0
713.589 0 0
712.589 0 0
711.589 0 0
710.589 0 0
709.589 0 0
708.589 0 0
707.589 0 0
706.589 0 0
705.589 0 0
704.589 0 0
703.589 0 0
702.589 0 0
701.589 0 0
700.589 0 0
699.589 0 0
698.589 0 0
697.589 0 0
696.589 0 0
695.589 0 0
694.589 0 0
693.589 0 0
692.589 0 0
691.589 0 0
690.589 0 0
689.589 0 0
688.589 0 0
687.589 0 0
686.589 0 0
685.589 0 0
684.589 0 0
683.589 0 0
682.589 0 0
681.589 0 0
680.589 0 0
679.589 0 0
678.589 0 0
677.589 0 0
676.589 0 0
675.589 0 0
674.589 0 0
673.589 0 0
672.589 0 0
671.589 0 0
670.589 0 0
669.589 0 0
668.589 0 0
667.589 0 0
666.589 0 0
665.589 0 0
664.589 0 0
663.589 0 0
662.589 0 0
661.589 0 0
660.589 0 0
659.589 0 0
658.589 0 0
657.589 0 0
656.589 0 0
655.589 0 0
654.589 0 0
653.589 0 0
652.589 0 0
651.589 0 0
650.589 0 0
649.589 0 0
648.589 0 0
647.589 0 0
646.589 0 0
645.589 0 0
644.589 0 0
643.589 0 0
642.589 0 0
641.589 0 0
640.589 0 0
639.589 0 0
638.589 0 0
637.589 0 0
636.589 0 0
635.589 0 0
634.589 0 0
633.589 0 0
632.589 0 0
631.589 0 0
630.589 0 0
629.589 0 0
628.589 0 0
627.589 0 0
626.589 0 0
625.589 0 0
624.589 0 0
623.589 0 0
622.589 0 0
621.589 0 0
620.589 0 0
619.589 0 0
618.589 0 0
617.589 0 0
616.589 0 0
615.589 0 0
614.589 0 0
613.589 0 0
612.589 0 0
611.589 0 0
610.589 0 0
609.589 0 0
608.589 0 0
607.589 0 0
606.589 0 0
605.589 0 0
604.589 0 0
603.589 0 0
602.589 0 0
601.589 0 0
600.589 0 0
599.589 0 0
598.589 0 0
597.589 0 0
596.589 0 0
595.589 0 0
594.589 0 0
593.589 0 0
592.589 0 0
591.589 0 0
590.589 0 0
589.589 0 0
588.589 0 0
587.589 0 0
586.589 0 0
585.589 0 0
584.589 0 0
583.589 0 0
582.589 0 0
581.589 0 0
580.589 0 0
579.589 0 0
578.589 0 0
577.589 0 0
576.589 0 0
575.589 0 0
574.589 0 0
573.589 0 0
572.589 0 0
571.589 0 0
570.589 0 0
569.589 0 0
568.589 0 0
567.589 0 0
566.589 0 0
565.589 0 0
564.589 0 0
563.589 0 0
562.589 0 0
561.589 0 0
560.589 0 0
559.589 0 0
558.589 0 0
557.589 0 0
556.589 0 0
555.589 0 0
554.589 0 0
553.589 0 0
552.589 0 0
551.589 0 0
550.589 0 0
549.589 0 0
548.589 0 0
547.589 0 0
546.589 0 0
545.589 0 0
544.589 0 0
543.589 0 0
542.589 0 0
541.589 0 0
540.589 0 0
539.589 0 0
538.589 0 0
537.589 0 0
536.589 0 0
535.589 0 0
534.589 0 0
533.589 0 0
532.589 0 0
531.589 0 0
530.589 0 0
529.589 0 0
528.589 0 0
527.589 0 0
526.589 0 0
525.589 0 0
524.589 0 0
523.589 0 0
522.589 0 0
521.589 0 0
520.589 0 0
519.589 0 0
518.589 0 0
517.589 0 0
516.589 0 0
515.589 0 0
514.589 0 0
513.589 0 0
512.589 0 0
511.589 0 0
510.589 0 0
509.589 0 0
508.589 0 0
507.589 0 0
506.589 0 0
505.589 0 0
504.589 0 0
503.589 0 0
502.589 0 0
501.589 0 0
500.589 0 0
499.589 0 0
498.589 0 0
497.589 0 0
496.589 0 0
495.589 0 0
494.589 0 0
493.589 0 0
492.589 0 0
491.589 0 0
490.589 0 0
489.589 0 0
488.589 0 0
487.589 0 0
486.589 0 0
485.589 0 0
484.589 0 0
483.589 0 0
482.589 0 0
481.589 0 0
480.589 0 0
479.589 0 0
478.589 0 0
477.589 0 0
476.589 0 0
475.589 0 0
474.589 0 0
473.589 0 0
472.589 0 0
471.589 0 0
470.589 0 0
469.589 0 0
468.589 0 0
467.589 0 0
466.589 0 0
465.589 0 0
464.589 0 0
463.589 0 0
462.589 0 0
461.589 0 0
460.589 0 0
459.589 0 0
458.589 0 0
457.589 0 0
456.589 0 0
455.589 0 0
454.589 0 0
453.589 0 0
452.589 0 0
451.589 0 0
450.589 0 0
449.589 0 0
448.589 0 0
447.589 0 0
446.589 0 0
445.589 0 0
444.589 0 0
443.589 0 0
442.589 0 0
441.589 0 0
440.589 0 0
439.589 0 0
438.589 0 0
437.589 0 0
436.589 0 0
435.589 0 0
434.589 0 0
433.589 0 0
432.589 0 0
431.589 0 0
430.589 0 0
429.589 0 0
428.589 0 0
427.589 0 0
426.589 0 0
425.589 0 0
424.589 0 0
423.589 0 0
422.589 0 0
421.589 0 0
420.589 0 0
419.589 0 0
418.589 0 0
417.589 0 0
416.589 0 0
415.589 0 0
414.589 0 0
413.589 0 0
412.589 0 0
411.589 0 0
410.589 0 0
409.589 0 0
408.589 0 0
407.589 0 0
406.589 0 0
405.589 0 0
404.589 0 0
403.589 0 0
402.589 0 0
401.589 0 0
400.589 0 0
399.589 0 0
398.589 0 0
397.589 0 0
396.589 0 0
395.589 0 0
394.589 0 0
393.589 0 0
392.589 0 0
391.589 0 0
390.589 0 0
389.589 0 0
388.589 0 0
387.589 0 0
386.589 0 0
385.589 0 0
384.589 0 0
383.589 0 0
382.589 0 0
381.589 0 0
380.589 0 0
379.589 0 0
378.589 0 0
377.589 0 0
376.589 0 0
375.589 0 0
374.589 0 0
373.589 0 0
372.589 0 0
371.589 0 0
370.589 0 0
369.589 0 0
368.589 0 0
367.589 0 0
366.589 0 0
365.589 0 0
364.589 0 0
363.589 0 0
362.589 0 0
361.589 0 0
360.589 0 0
359.589 0 0
358.589 0 0
357.589 0 0
356.589 0 0
355.589 0 0
354.589 0 0
353.589 0 0
352.589 0 0
351.589 0 0
350.589 0 0
349.589 0 0
348.589 0 0
347.589 0 0
346.589 0 0
345.589 0 0
344.589 0 0
343.589 0 0
342.589 0 0
341.589 0 0
340.589 0 0
339.589 0 0
338.589 0 0
337.589 0 0
336.589 0 0
335.589 0 0
334.589 0 0
333.589 0 0
332.589 0 0
331.589 0 0
330.589 0 0
329.589 0 0
328.589 0 0
327.589 0 0
326.589 0 0
325.589 0 0
324.589 0 0
323.589 0 0
322.589 0 0
321.589 0 0
320.589 0 0
319.589 0 0
318.589 0 0
317.589 0 0
316.589 0 0
315.589 0 0
314.589 0 0
313.589 0 0
312.589 0 0
311.589 0 0
310.589 0 0
309.589 0 0
308.589 0 0
307.589 0 0
306.589 0 0
305.589 0 0
304.589 0 0
303.589 0 0
302.589 0 0
301.589 0 0
300.589 0 0
299.589 0 0
298.589 0 0
297.589 0 0
296.589 0 0
295.589 0 0
294.589 0 0
293.589 0 0
292.589 0 0
291.589 0 0
290.589 0 0
289.589 0 0
288.589 0 0
287.589 0 0
286.589 0 0
285.589 0 0
284.589 0 0
283.589 0 0
282.589 0 0
281.589 0 0
280.589 0 0
279.589 0 0
278.589 0 0
277.589 0 0
276.589 0 0
275.589 0 0
274.589 0 0
273.589 0 0
272.589 0 0
271.589 0 0
270.589 0 0
269.589 0 0
268.589 0 0
267.589 0 0
266.589 0 0
265.589 0 0
264.589 0 0
263.589 0 0
262.589 0 0
261.589 0 0
260.589 0 0
259.589 0 0
258.589 0 0
257.589 0 0
256.589 0 0
255.589 0 0
254.589 0 0
253.589 0 0
252.589 0 0
251.589 0 0
250.589 0 0
249.589 0 0
248.589 0 0
247.589 0 0
246.589 0 0
245.589 0 0
244.589 0 0
243.589 0 0
242.589 0 0
241.589 0 0
240.589 0 0
239.589 0 0
238.589 0 0
237.589 0 0
236.589 0 0
235.589 0 0
234.589 0 0
233.589 0 0
232.589 0 0
231.589 0 0
230.589 0 0
229.589 0 0
228.589 0 0
227.589 0 0
226.589 0 0
225.589 0 0
224.589 0 0
223.589 0 0
222.589 0 0
221.589 0 0
220.589 0 0
219.589 0 0
218.589 0 0
217.589 0 0
216.589 0 0
215.589 0 0
214.589 0 0
213.589 0 0
212.589 0 0
211.589 0 0
210.589 0 0
209.589 0 0
208.589 0 0
207.589 0 0
206.589 0 0
205.589 0 0
204.589 0 0
203.589 0 0
202.589 0 0
201.589 0 0
200.589 0 0
199.589 0 0
198.589 0 0
197.589 0 0
196.589 1.89082e-05 0.00107759
195.589 1.89082e-05 0.00106045
194.589 3.78165e-05 0.00206825
193.589 3.78165e-05 0.0020284
192.589 3.78165e-05 0.00199402
191.589 3.78165e-05 0.00194742
190.589 3.78165e-05 0.00189753
189.589 3.78165e-05 0.00186567
188.589 3.78165e-05 0.00182815
187.589 3.78165e-05 0.00179051
186.589 3.78165e-05 0.00174825
185.589 5.67247e-05 0.0025729
184.589 5.67247e-05 0.00251678
183.589 5.67247e-05 0.00247729
182.589 5.67247e-05 0.00242718
181.589 5.67247e-05 0.00237342
180.589 5.67247e-05 0.00233827
179.589 5.67247e-05 0.00231125
178.589 5.67247e-05 0.00227445
177.589 5.67247e-05 0.00221893
176.589 5.67247e-05 0.00217234
175.589 5.67247e-05 0.00212766
174.589 5.67247e-05 0.00208914
173.589 5.67247e-05 0.00204638
172.589 5.67247e-05 0.00200803
171.589 5.67247e-05 0.00195822
170.589 5.67247e-05 0.00191939
169.589 5.67247e-05 0.00188561
168.589 5.67247e-05 0.00184049
167.589 5.67247e-05 0.00179964
166.589 5.67247e-05 0.00176887
165.589 5.67247e-05 0.00173913
164.589 5.67247e-05 0.00170164
163.589 5.67247e-05 0.00166021
162.589 5.67247e-05 0.00162602
161.589 5.67247e-05 0.00158395
160.589 5.67247e-05 0.00155039
159.589 5.67247e-05 0.00152594
158.589 5.67247e-05 0.00149031
157.589 5.67247e-05 0.00145985
156.589 5.67247e-05 0.00142586
155.589 5.67247e-05 0.00139405
154.589 5.67247e-05 0.00135993
153.589 5.67247e-05 0.00132743
152.589 5.67247e-05 0.00130039
151.589 5.67247e-05 0.00127065
150.589 5.67247e-05 0.0012443
149.589 5.67247e-05 0.00121605
148.589 5.67247e-05 0.00118297
147.589 5.67247e-05 0.00115785
146.589 5.67247e-05 0.00113208
145.589 5.67247e-05 0.00110213
144.589 5.67247e-05 0.00107488
143.589 5.67247e-05 0.00104493
142.589 5.67247e-05 0.00102389
141.589 5.67247e-05 0.000995025
140.589 5.67247e-05 0.000969305
139.589 5.67247e-05 0.000946372
138.589 5.67247e-05 0.00091687
137.589 5.67247e-05 0.000893655
136.589 5.67247e-05 0.000871333
135.589 5.67247e-05 0.000849858
134.589 5.67247e-05 0.000826219
133.589 5.67247e-05 0.000801496
132.589 5.67247e-05 0.000780437
131.589 5.67247e-05 0.000760456
130.589 7.5633e-05 0.000985464
129.589 7.5633e-05 0.000963391
128.589 7.5633e-05 0.000934361
127.589 7.5633e-05 0.000912825
126.589 7.5633e-05 0.000888494
125.589 7.5633e-05 0.000865988
124.589 7.5633e-05 0.000842815
123.589 7.5633e-05 0.000823893
122.589 7.5633e-05 0.00080289
121.589 7.5633e-05 0.00078232
120.589 7.5633e-05 0.000762922
119.589 7.5633e-05 0.000743356
118.589 7.5633e-05 0.000726612
117.589 7.5633e-05 0.000708341
116.589 7.5633e-05 0.000688113
115.589 7.5633e-05 0.00066968
114.589 9.45412e-05 0.000812612
113.589 9.45412e-05 0.000790514
112.589 9.45412e-05 0.00076864
111.589 9.45412e-05 0.000746938
110.589 9.45412e-05 0.000728226
109.589 0.000113449 0.000848896
108.589 0.000132358 0.000962332
107.589 0.000132358 0.000933831
106.589 0.000132358 0.000902294
105.589 0.000132358 0.000877633
104.589 0.000132358 0.000852827
103.589 0.000132358 0.000829286
102.589 0.000132358 0.00080432
101.589 0.000132358 0.000782823
100.589 0.000132358 0.000758232
99.5887 0.000132358 0.0007363
98.5887 0.000132358 0.000714577
97.5887 0.000132358 0.000692452
96.5887 0.000132358 0.000673012
95.5887 0.000132358 0.000650981
94.5887 0.000132358 0.000631826
93.5887 0.000132358 0.000613282
92.5887 0.000151266 0.000676361
91.5887 0.000151266 0.000652582
90.5887 0.000151266 0.00063012
89.5887 0.000151266 0.000609617
88.5887 0.000151266 0.000589666
87.5887 0.000151266 0.000569071
86.5887 0.000151266 0.000551496
85.5887 0.000151266 0.000532163
84.5887 0.000151266 0.000513512
83.5887 0.000151266 0.00049554
82.5887 0.000170174 0.000537313
81.5887 0.000170174 0.000518493
80.5887 0.000189082 0.000556793
79.5887 0.000189082 0.000536481
78.5887 0.000189082 0.000516636
77.5887 0.000189082 0.000498231
76.5887 0.000207991 0.000527173
75.5887 0.000207991 0.000507567
74.5887 0.000207991 0.000487502
73.5887 0.000207991 0.000469524
72.5887 0.000207991 0.000451838
71.5887 0.000207991 0.00043468
70.5887 0.000207991 0.000417885
69.5887 0.000207991 0.000400175
68.5887 0.000226899 0.000419024
67.5887 0.000245807 0.000435934
66.5887 0.000245807 0.000418572
65.5887 0.000245807 0.000401606
64.5887 0.000245807 0.000384581
63.5887 0.000245807 0.000367418
62.5887 0.000245807 0.000352351
61.5887 0.000245807 0.000336735
60.5887 0.000264715 0.000347153
59.5887 0.000283624 0.000355906
58.5887 0.00032144 0.000385252
57.5887 0.000340348 0.000390464
56.5887 0.000359257 0.000392741
55.5887 0.000359257 0.000374561
54.5887 0.000359257 0.000357156
53.5887 0.000415981 0.000393595
52.5887 0.000453798 0.000408538
51.5887 0.000453798 0.000388017
50.5887 0.000491614 0.000400092
49.5887 0.000548339 0.000423828
48.5887 0.000548339 0.000402303
47.5887 0.000605064 0.000420665
46.5887 0.000605064 0.00039861
45.5887 0.000680697 0.000424203
44.5887 0.00075633 0.000446384
43.5887 0.000813054 0.000454099
42.5887 0.000869779 0.000458949
41.5887 0.00096432 0.000480113
40.5887 0.00103995 0.000487368
39.5887 0.00121013 0.000533961
38.5887 0.00130467 0.000541019
37.5887 0.00141812 0.000552283
36.5887 0.00151266 0.000552536
35.5887 0.00166392 0.000568828
34.5887 0.00179628 0.00057441
33.5887 0.0018341 0.000547769
32.5887 0.00198537 0.000552876
31.5887 0.00209881 0.000544144
30.5887 0.00225008 0.00054245
29.5887 0.00238244 0.000532844
28.5887 0.0025148 0.000520654
27.5887 0.00279842 0.000535268
26.5887 0.00300641 0.000529956
25.5887 0.00330894 0.000536083
24.5887 0.0036682 0.000544138
23.5887 0.00408418 0.000553842
22.5887 0.00463252 0.000571271
21.5887 0.00557793 0.000623167
20.5887 0.00637208 0.000641956
19.5887 0.00712841 0.000644514
18.5887 0.00809273 0.000653471
17.5887 0.0089625 0.000642535
16.5887 0.0101726 0.000643043
15.5887 0.0115908 0.00064101
14.5887 0.0133492 0.000640935
13.5887 0.015864 0.000655333
12.5887 0.0187381 0.000659352
11.5887 0.0221415 0.00065643
10.5887 0.0273791 0.0006749
9.58872 0.0339403 0.000686096
9.48872 0.0344886 0.000682973
9.38872 0.0353962 0.000686553
9.28872 0.036058 0.000684915
9.18872 0.0369467 0.000687274
9.08872 0.0375707 0.000684181
8.98872 0.0385539 0.000687182
8.88872 0.0393291 0.000686056
8.78872 0.0402556 0.00068711
8.68872 0.0411065 0.000686397
8.58872 0.0419196 0.000684621
8.48872 0.0428839 0.000684974
8.38872 0.0437726 0.000683684
8.28872 0.0448882 0.000685404
8.18872 0.0457768 0.000683187
8.08872 0.0466844 0.000680903
7.98872 0.0478946 0.000682584
7.88872 0.04884 0.000679984
7.78872 0.050069 0.000680886
7.68872 0.0513548 0.000682046
7.58872 0.0523947 0.000679416
7.48872 0.0536427 0.000679085
7.38872 0.0551364 0.000681268
7.28872 0.0567436 0.000684222
7.18872 0.0581617 0.000684252
7.08872 0.0594853 0.000682652
6.98872 0.060998 0.000682728
6.88872 0.0625295 0.000682327
6.78872 0.0638909 0.00067975
6.68872 0.0656872 0.000681264
6.58872 0.0675213 0.000682488
6.48872 0.0692798 0.000682336
6.38872 0.0709248 0.000680546
6.28872 0.0728913 0.000681246
6.18872 0.0751981 0.000684399
6.08872 0.0774671 0.000686543
5.98872 0.0794524 0.000685408
5.88872 0.0821752 0.000689973
5.78872 0.0841228 0.000687258
5.68872 0.0866565 0.000688732
5.58872 0.0888876 0.000687088
5.48872 0.0913457 0.000686669
5.38872 0.0938794 0.000686213
5.28872 0.0966211 0.00068648
5.18872 0.0994573 0.000686762
5.08872 0.102558 0.000688057
4.98872 0.1053 0.000686312
4.88872 0.108439 0.00068638
4.78872 0.111426 0.000684859
4.68872 0.115094 0.000686677
4.58872 0.118782 0.000687857
4.48872 0.122393 0.000687849
4.38872 0.126118 0.000687667
4.28872 0.129937 0.000687236
4.18872 0.134078 0.000687826
4.08872 0.138597 0.000689544
3.98872 0.142833 0.000688939
3.88872 0.147276 0.000688592
3.78872 0.152155 0.000689377
3.68872 0.157562 0.000691717
3.58872 0.162857 0.000692676
3.48872 0.168283 0.000693301
3.38872 0.173407 0.000691833
3.28872 0.179364 0.000692858
3.18872 0.185187 0.00069249
3.08872 0.192221 0.000695747
2.98872 0.199047 0.00069722
2.88872 0.205041 0.000694955
2.78872 0.212132 0.000695613
2.68872 0.219298 0.000695617
2.58872 0.227107 0.000696807
2.48872 0.235143 0.000697796
2.38872 0.242706 0.000696568
2.28872 0.251385 0.000697699
2.18872 0.260518 0.000699161
2.08872 0.269575 0.000699591
1.98872 0.27867 0.00069932
1.88872 0.288483 0.000700021
1.78872 0.298731 0.000700912
1.68872 0.307769 0.000698299
1.58872 0.318245 0.000698331
1.48872 0.329098 0.000698543
1.38872 0.340348 0.000698845
1.28872 0.351882 0.000699088
1.18872 0.363587 0.000699071
1.08872 0.37616 0.000700105
0.988723 0.388375 0.000699939
0.888723 0.400647 0.000699348
0.788723 0.413807 0.000699945
0.688723 0.426608 0.000699483
0.588723 0.440089 0.000699807
0.488723 0.453741 0.000700099
0.388723 0.467884 0.000700847
0.288723 0.480534 0.00069918
0.188723 0.494356 0.000699162
0.0887227 0.507365 0.000697955
-0.0112773 0.521905 0.000698835
-0.111277 0.536389 0.000699599
-0.211277 0.550721 0.000700232
-0.311277 0.562634 0.000697921
-0.411277 0.57568 0.000697245
-0.511277 0.588519 0.000696572
-0.611277 0.601225 0.000695962
-0.711277 0.613156 0.000694754
-0.811277 0.625239 0.000694041
-0.911277 0.636603 0.000692877
-1.01128 0.647796 0.00069187
-1.11128 0.658971 0.000691205
-1.21128 0.669522 0.000690227
-1.31128 0.680545 0.000690061
-1.41128 0.690132 0.000688796
-1.51128 0.700512 0.000688668
-1.61128 0.710364 0.000688339
-1.71128 0.720971 0.000689044
-1.81128 0.730917 0.000689397
-1.91128 0.739728 0.000688986
-2.01128 0.748142 0.0006885
-2.11128 0.756178 0.000687952
-2.21128 0.764592 0.00068803
-2.31128 0.772591 0.000687977
-2.41128 0.779965 0.00068763
-2.51128 0.78766 0.000687807
-2.61128 0.794657 0.000687598
-2.71128 0.802069 0.000687969
-2.81128 0.808289 0.000687556
-2.91128 0.814813 0.000687614
-3.01128 0.820239 0.000686934
-3.11128 0.826214 0.000686896
-3.21128 0.831301 0.000686317
-3.31128 0.836841 0.000686274
-3.41128 0.84187 0.000685977
-3.51128 0.846389 0.000685448
-3.61128 0.850795 0.000684983
-3.71128 0.855295 0.000684749
-3.81128 0.85955 0.000684441
-3.91128 0.864125 0.000684528
-4.01128 0.868172 0.000684322
-4.11128 0.872086 0.000684129
-4.21128 0.875867 0.000683952
-4.31128 0.879517 0.000683775
-4.41128 0.883053 0.000683628
-4.51128 0.886267 0.00068333
-4.61128 0.88986 0.000683431
-4.71128 0.892847 0.000683153
-4.81128 0.895324 0.000682589
-4.91128 0.898122 0.000682354
-5.01128 0.901015 0.000682267
-5.11128 0.903738 0.000682132
-5.21128 0.906574 0.000682154
-5.31128 0.90924 0.000682121
-5.41128 0.911944 0.000682182
-5.51128 0.914459 0.000682167
-5.61128 0.916709 0.000682024
-5.71128 0.919224 0.000682134
-5.81128 0.920945 0.00068171
-5.91128 0.923025 0.000681607
-6.01128 0.925142 0.000681591
-6.11128 0.927128 0.000681528
-6.21128 0.928905 0.000681357
-6.31128 0.930474 0.000681092
-6.41128 0.932195 0.000680979
-6.51128 0.933727 0.000680772
-6.61128 0.935315 0.000680653
-6.71128 0.936865 0.00068054
-6.81128 0.938567 0.000680573
-6.91128 0.94008 0.000680509
-7.01128 0.941309 0.000680278
-7.11128 0.943124 0.000680505
-7.21128 0.944523 0.000680461
-7.31128 0.945904 0.000680436
-7.41128 0.947265 0.000680429
-7.51128 0.948664 0.000680479
-7.61128 0.94995 0.000680473
-7.71128 0.951255 0.000680502
-7.81128 0.952295 0.000680381
-7.91128 0.953221 0.000680199
-8.01128 0.954091 0.000680004
-8.11128 0.955169 0.00067998
-8.21128 0.956341 0.000680043
-8.31128 0.957324 0.000679993
-8.41128 0.958156 0.000679858
-8.51128 0.959083 0.000679812
-8.61128 0.959707 0.000679571
-8.71128 0.960463 0.000679442
-8.81128 0.961181 0.000679308
-8.91128 0.96207 0.000679308
-9.01128 0.962807 0.000679225
-9.11128 0.963772 0.000679314
-9.21128 0.964509 0.000679255
-9.31128 0.965379 0.000679306
-9.41128 0.966135 0.000679293
-9.51128 0.966778 0.000679215
-9.61128 0.967591 0.000679271
-9.71128 0.96831 0.000679274
-9.81128 0.96882 0.000679144
-9.91128 0.969331 0.000679028
-10.0113 0.970012 0.00067904
-11.0113 0.975684 0.000678975
-12.0113 0.980146 0.000678943
-13.0113 0.983644 0.000678889
-14.0113 0.986367 0.000678794
-15.0113 0.988485 0.000678651
-16.0113 0.990149 0.000678487
-17.0113 0.991529 0.000678357
-18.0113 0.992872 0.00067838
-19.0113 0.993741 0.00067823
-20.0113 0.994498 0.000678112
-21.0113 0.995159 0.000678027
-22.0113 0.99584 0.000678034
-23.0113 0.996445 0.00067805
-24.0113 0.996975 0.000678069
-25.0113 0.997296 0.000677993
-26.0113 0.997693 0.000678004
-27.0113 0.997996 0.000677985
-28.0113 0.998204 0.00067793
-29.0113 0.998506 0.000677961
-30.0113 0.99862 0.000677882
-31.0113 0.998752 0.000677836
-32.0113 0.998922 0.000677829
-33.0113 0.998979 0.000677758
-34.0113 0.999055 0.000677712
-35.0113 0.999168 0.000677701
-36.0113 0.999281 0.0006777
-37.0113 0.999338 0.000677669
-38.0113 0.999414 0.000677657
-39.0113 0.999471 0.000677638
-40.0113 0.999489 0.000677598
-41.0113 0.999584 0.000677615
-42.0113 0.999622 0.000677598
-43.0113 0.999641 0.000677571
-44.0113 0.999679 0.00067756
-45.0113 0.999735 0.000677565
-46.0113 0.999754 0.000677548
-47.0113 0.999773 0.000677533
-48.0113 0.999773 0.000677507
-49.0113 0.999792 0.000677496
-50.0113 0.999811 0.000677487
-51.0113 0.99983 0.00067748
-52.0113 0.99983 0.000677462
-53.0113 0.99983 0.000677446
-54.0113 0.99983 0.00067743
-55.0113 0.99983 0.000677415
-56.0113 0.99983 0.000677402
-57.0113 0.999868 0.000677414
-58.0113 0.999868 0.000677403
-59.0113 0.999868 0.000677392
-60.0113 0.999887 0.000677394
-61.0113 0.999887 0.000677384
-62.0113 0.999887 0.000677376
-63.0113 0.999887 0.000677367
-64.0113 0.999887 0.00067736
-65.0113 0.999887 0.000677352
-66.0113 0.999887 0.000677345
-67.0113 0.999887 0.000677338
-68.0113 0.999887 0.000677332
-69.0113 0.999887 0.000677327
-70.0113 0.999905 0.000677334
-71.0113 0.999905 0.000677329
-72.0113 0.999905 0.000677324
-73.0113 0.999905 0.000677319
-74.0113 0.999905 0.000677315
-75.0113 0.999924 0.000677323
-76.0113 0.999924 0.00067732
-77.0113 0.999924 0.000677316
-78.0113 0.999924 0.000677313
-79.0113 0.999924 0.000677309
-80.0113 0.999924 0.000677306
-81.0113 0.999924 0.000677303
-82.0113 0.999924 0.000677301
-83.0113 0.999924 0.000677298
-84.0113 0.999924 0.000677296
-85.0113 0.999924 0.000677293
-86.0113 0.999924 0.000677291
-87.0113 0.999924 0.000677289
-88.0113 0.999924 0.000677287
-89.0113 0.999924 0.000677285
-90.0113 0.999924 0.000677283
-91.0113 0.999943 0.000677294
-92.0113 0.999943 0.000677293
-93.0113 0.999943 0.000677291
-94.0113 0.999943 0.00067729
-95.0113 0.999943 0.000677288
-96.0113 0.999943 0.000677287
-97.0113 0.999943 0.000677285
-98.0113 0.999943 0.000677284
-99.0113 0.999943 0.000677283
-100.011 0.999943 0.000677282
-101.011 0.999943 0.000677281
-102.011 0.999943 0.00067728
-103.011 0.999943 0.000677279
-104.011 0.999943 0.000677278
-105.011 0.999943 0.000677277
-106.011 0.999943 0.000677276
-107.011 0.999943 0.000677275
-108.011 0.999943 0.000677275
-109.011 0.999943 0.000677274
-110.011 0.999943 0.000677273
-111.011 0.999943 0.000677272
-112.011 0.999943 0.000677272
-113.011 0.999943 0.000677271
-114.011 0.999943 0.00067727
-115.011 0.999943 0.00067727
-116.011 0.999943 0.000677269
-117.011 0.999943 0.000677269
-118.011 0.999943 0.000677268
-119.011 0.999943 0.000677268
-120.011 0.999943 0.000677267
-121.011 0.999943 0.000677267
-122.011 0.999943 0.000677266
-123.011 0.999943 0.000677266
-124.011 0.999962 0.000677278
-125.011 0.999962 0.000677278
-126.011 0.999962 0.000677278
-127.011 0.999962 0.000677277
-128.011 0.999962 0.000677277
-129.011 0.999962 0.000677276
-130.011 0.999962 0.000677276
-131.011 0.999962 0.000677276
-132.011 0.999962 0.000677276
-133.011 0.999962 0.000677275
-134.011 0.999962 0.000677275
-135.011 0.999962 0.000677275
-136.011 0.999962 0.000677274
-137.011 0.999962 0.000677274
-138.011 0.999962 0.000677274
-139.011 0.999962 0.000677274
-140.011 0.999962 0.000677273
-141.011 0.999962 0.000677273
-142.011 0.999962 0.000677273
-143.011 0.999962 0.000677273
-144.011 0.999962 0.000677272
-145.011 0.999962 0.000677272
-146.011 0.999962 0.000677272
-147.011 0.999962 0.000677272
-148.011 0.999962 0.000677272
-149.011 0.999962 0.000677272
-150.011 0.999962 0.000677271
-151.011 0.999962 0.000677271
-152.011 0.999962 0.000677271
-153.011 0.999962 0.000677271
-154.011 0.999962 0.000677271
-155.011 0.999962 0.000677271
-156.011 0.999962 0.000677271
-157.011 0.999962 0.000677271
-158.011 0.999981 0.000677283
-159.011 0.999981 0.000677283
-160.011 0.999981 0.000677283
-161.011 0.999981 0.000677283
-162.011 0.999981 0.000677283
-163.011 0.999981 0.000677283
-164.011 0.999981 0.000677283
-165.011 0.999981 0.000677282
-166.011 0.999981 0.000677282
-167.011 0.999981 0.000677282
-168.011 0.999981 0.000677282
-169.011 0.999981 0.000677282
-170.011 0.999981 0.000677282
-171.011 0.999981 0.000677282
-172.011 0.999981 0.000677282
-173.011 0.999981 0.000677282
-174.011 0.999981 0.000677282
-175.011 0.999981 0.000677281
-176.011 0.999981 0.000677281
-177.011 0.999981 0.000677281
-178.011 0.999981 0.000677281
-179.011 0.999981 0.000677281
-180.011 0.999981 0.000677281
-181.011 0.999981 0.000677281
-182.011 0.999981 0.000677281
-183.011 0.999981 0.000677281
-184.011 0.999981 0.000677281
-185.011 0.999981 0.000677281
-186.011 0.999981 0.000677281
-187.011 0.999981 0.000677281
-188.011 0.999981 0.000677281
-189.011 0.999981 0.000677281
-190.011 0.999981 0.000677281
-191.011 0.999981 0.000677281
-192.011 0.999981 0.000677281
-193.011 0.999981 0.000677281
-194.011 0.999981 0.00067728
-195.011 0.999981 0.00067728
-196.011 0.999981 0.00067728
-197.011 0.999981 0.00067728
-198.011 0.999981 0.00067728
-199.011 0.999981 0.00067728
-200.011 0.999981 0.00067728
-201.011 0.999981 0.00067728
-202.011 0.999981 0.00067728
-203.011 0.999981 0.00067728
-204.011 0.999981 0.00067728
-205.011 0.999981 0.00067728
-206.011 0.999981 0.00067728
-207.011 0.999981 0.00067728
-208.011 0.999981 0.00067728
-209.011 0.999981 0.00067728
-210.011 0.999981 0.00067728
-211.011 0.999981 0.00067728
-212.011 0.999981 0.00067728
-213.011 0.999981 0.00067728
-214.011 0.999981 0.00067728
-215.011 0.999981 0.00067728
-216.011 0.999981 0.00067728
-217.011 0.999981 0.00067728
-218.011 0.999981 0.00067728
-219.011 0.999981 0.00067728
-220.011 0.999981 0.00067728
-221.011 0.999981 0.00067728
-222.011 0.999981 0.00067728
-223.011 0.999981 0.00067728
-224.011 0.999981 0.00067728
-225.011 0.999981 0.00067728
-226.011 0.999981 0.00067728
-227.011 0.999981 0.00067728
-228.011 0.999981 0.00067728
-229.011 0.999981 0.000677279
-230.011 0.999981 0.000677279
-231.011 0.999981 0.000677279
-232.011 0.999981 0.000677279
-233.011 0.999981 0.000677279
-234.011 0.999981 0.000677279
-235.011 0.999981 0.000677279
-236.011 0.999981 0.000677279
-237.011 0.999981 0.000677279
-238.011 0.999981 0.000677279
-239.011 0.999981 0.000677279
-240.011 0.999981 0.000677279
-241.011 0.999981 0.000677279
-242.011 0.999981 0.000677279
-243.011 0.999981 0.000677279
-244.011 0.999981 0.000677279
-245.011 0.999981 0.000677279
-246.011 0.999981 0.000677279
-247.011 0.999981 0.000677279
-248.011 0.999981 0.000677279
-249.011 0.999981 0.000677279
-250.011 0.999981 0.000677279
-251.011 0.999981 0.000677279
-252.011 0.999981 0.000677279
-253.011 0.999981 0.000677279
-254.011 0.999981 0.000677279
-255.011 0.999981 0.000677279
-256.011 0.999981 0.000677279
-257.011 0.999981 0.000677279
-258.011 0.999981 0.000677279
-259.011 0.999981 0.000677279
-260.011 0.999981 0.000677279
-261.011 0.999981 0.000677279
-262.011 0.999981 0.000677279
-263.011 0.999981 0.000677279
-264.011 0.999981 0.000677279
-265.011 0.999981 0.000677279
-266.011 0.999981 0.000677279
-267.011 0.999981 0.000677279
-268.011 0.999981 0.000677279
-269.011 0.999981 0.000677279
-270.011 0.999981 0.000677279
-271.011 0.999981 0.000677279
-272.011 0.999981 0.000677279
-273.011 0.999981 0.000677279
-274.011 0.999981 0.000677279
-275.011 0.999981 0.000677279
-276.011 0.999981 0.000677279
-277.011 0.999981 0.000677279
-278.011 0.999981 0.000677279
-279.011 0.999981 0.000677279
-280.011 0.999981 0.000677279
-281.011 0.999981 0.000677279
-282.011 0.999981 0.000677279
-283.011 0.999981 0.000677279
-284.011 0.999981 0.000677279
-285.011 0.999981 0.000677279
-286.011 0.999981 0.000677279
-287.011 0.999981 0.000677279
-288.011 0.999981 0.000677279
-289.011 0.999981 0.000677279
-290.011 0.999981 0.000677279
-291.011 0.999981 0.000677279
-292.011 0.999981 0.000677279
-293.011 0.999981 0.000677279
-294.011 0.999981 0.000677279
-295.011 0.999981 0.000677279
-296.011 0.999981 0.000677279
-297.011 0.999981 0.000677279
-298.011 0.999981 0.000677279
-299.011 0.999981 0.000677279
-300.011 0.999981 0.000677279
-301.011 0.999981 0.000677279
-302.011 0.999981 0.000677279
-303.011 0.999981 0.000677279
-304.011 0.999981 0.000677279
-305.011 0.999981 0.000677279
-306.011 0.999981 0.000677279
-307.011 0.999981 0.000677279
-308.011 0.999981 0.000677279
-309.011 0.999981 0.000677279
-310.011 0.999981 0.000677279
-311.011 0.999981 0.000677279
-312.011 0.999981 0.000677279
-313.011 0.999981 0.000677279
-314.011 0.999981 0.000677279
-315.011 0.999981 0.000677279
-316.011 0.999981 0.000677279
-317.011 0.999981 0.000677279
-318.011 0.999981 0.000677279
-319.011 0.999981 0.000677279
-320.011 0.999981 0.000677279
-321.011 0.999981 0.000677279
-322.011 0.999981 0.000677279
-323.011 0.999981 0.000677279
-324.011 0.999981 0.000677279
-325.011 0.999981 0.000677279
-326.011 0.999981 0.000677279
-327.011 0.999981 0.000677279
-328.011 0.999981 0.000677279
-329.011 0.999981 0.000677279
-330.011 0.999981 0.000677279
-331.011 0.999981 0.000677279
-332.011 0.999981 0.000677279
-333.011 0.999981 0.000677279
-334.011 0.999981 0.000677279
-335.011 0.999981 0.000677279
-336.011 0.999981 0.000677279
-337.011 0.999981 0.000677279
-338.011 0.999981 0.000677279
-339.011 0.999981 0.000677279
-340.011 0.999981 0.000677279
-341.011 0.999981 0.000677279
-342.011 0.999981 0.000677279
-343.011 0.999981 0.000677279
-344.011 0.999981 0.000677279
-345.011 0.999981 0.000677279
-346.011 0.999981 0.000677279
-347.011 0.999981 0.000677279
-348.011 0.999981 0.000677279
-349.011 0.999981 0.000677279
-350.011 0.999981 0.000677279
-351.011 0.999981 0.000677279
-352.011 0.999981 0.000677279
-353.011 0.999981 0.000677279
-354.011 0.999981 0.000677279
-355.011 0.999981 0.000677279
-356.011 0.999981 0.000677279
-357.011 0.999981 0.000677279
-358.011 0.999981 0.000677279
-359.011 0.999981 0.000677279
-360.011 0.999981 0.000677279
-361.011 0.999981 0.000677279
-362.011 0.999981 0.000677279
-363.011 0.999981 0.000677279
-364.011 0.999981 0.000677279
-365.011 0.999981 0.000677279
-366.011 0.999981 0.000677279
-367.011 0.999981 0.000677279
-368.011 0.999981 0.000677279
-369.011 0.999981 0.000677279
-370.011 0.999981 0.000677279
-371.011 0.999981 0.000677279
-372.011 0.999981 0.000677279
-373.011 0.999981 0.000677279
-374.011 0.999981 0.000677279
-375.011 0.999981 0.000677279
-376.011 0.999981 0.000677279
-377.011 0.999981 0.000677279
-378.011 0.999981 0.000677279
-379.011 0.999981 0.000677279
-380.011 0.999981 0.000677279
-381.011 0.999981 0.000677279
-382.011 0.999981 0.000677279
-383.011 0.999981 0.000677279
-384.011 0.999981 0.000677279
-385.011 0.999981 0.000677279
-386.011 0.999981 0.000677279
-387.011 0.999981 0.000677279
-388.011 0.999981 0.000677279
-389.011 0.999981 0.000677279
-390.011 0.999981 0.000677279
-391.011 0.999981 0.000677279
-392.011 0.999981 0.000677279
-393.011 0.999981 0.000677279
-394.011 0.999981 0.000677279
-395.011 0.999981 0.000677279
-396.011 0.999981 0.000677279
-397.011 0.999981 0.000677279
-398.011 0.999981 0.000677279
-399.011 0.999981 0.000677279
-400.011 0.999981 0.000677279
