Value Recall Precision 
970.837 0 0
969.837 0 0
968.837 0 0
967.837 0 0
966.837 0 0
965.837 0 0
964.837 0 0
963.837 0 0
962.837 0 0
961.837 0 0
960.837 0 0
959.837 0 0
958.837 0 0
957.837 0 0
956.837 0 0
955.837 0 0
954.837 0 0
953.837 0 0
952.837 0 0
951.837 0 0
950.837 0 0
949.837 0 0
948.837 0 0
947.837 0 0
946.837 0 0
945.837 0 0
944.837 0 0
943.837 0 0
942.837 0 0
941.837 0 0
940.837 0 0
939.837 0 0
938.837 0 0
937.837 0 0
936.837 0 0
935.837 0 0
934.837 0 0
933.837 0 0
932.837 0 0
931.837 0 0
930.837 0 0
929.837 0 0
928.837 0 0
927.837 0 0
926.837 0 0
925.837 0 0
924.837 0 0
923.837 0 0
922.837 0 0
921.837 0 0
920.837 0 0
919.837 0 0
918.837 0 0
917.837 0 0
916.837 0 0
915.837 0 0
914.837 0 0
913.837 0 0
912.837 0 0
911.837 0 0
910.837 0 0
909.837 0 0
908.837 0 0
907.837 0 0
906.837 0 0
905.837 0 0
904.837 0 0
903.837 0 0
902.837 0 0
901.837 0 0
900.837 0 0
899.837 0 0
898.837 0 0
897.837 0 0
896.837 0 0
895.837 0 0
894.837 0 0
893.837 0 0
892.837 0 0
891.837 0 0
890.837 0 0
889.837 0 0
888.837 0 0
887.837 0 0
886.837 0 0
885.837 0 0
884.837 0 0
883.837 0 0
882.837 0 0
881.837 0 0
880.837 0 0
879.837 0 0
878.837 0 0
877.837 0 0
876.837 0 0
875.837 0 0
874.837 0 0
873.837 0 0
872.837 0 0
871.837 0 0
870.837 0 0
869.837 0 0
868.837 0 0
867.837 0 0
866.837 0 0
865.837 0 0
864.837 0 0
863.837 0 0
862.837 0 0
861.837 0 0
860.837 0 0
859.837 0 0
858.837 0 0
857.837 0 0
856.837 0 0
855.837 0 0
854.837 0 0
853.837 0 0
852.837 0 0
851.837 0 0
850.837 0 0
849.837 0 0
848.837 0 0
847.837 0 0
846.837 0 0
845.837 0 0
844.837 0 0
843.837 0 0
842.837 0 0
841.837 0 0
840.837 0 0
839.837 0 0
838.837 0 0
837.837 0 0
836.837 0 0
835.837 0 0
834.837 0 0
833.837 0 0
832.837 0 0
831.837 0 0
830.837 0 0
829.837 0 0
828.837 0 0
827.837 0 0
826.837 0 0
825.837 0 0
824.837 0 0
823.837 0 0
822.837 0 0
821.837 0 0
820.837 0 0
819.837 0 0
818.837 0 0
817.837 0 0
816.837 0 0
815.837 0 0
814.837 0 0
813.837 0 0
812.837 0 0
811.837 0 0
810.837 0 0
809.837 0 0
808.837 0 0
807.837 0 0
806.837 0 0
805.837 0 0
804.837 0 0
803.837 0 0
802.837 0 0
801.837 0 0
800.837 0 0
799.837 0 0
798.837 0 0
797.837 0 0
796.837 0 0
795.837 0 0
794.837 0 0
793.837 0 0
792.837 0 0
791.837 0 0
790.837 0 0
789.837 0 0
788.837 0 0
787.837 0 0
786.837 0 0
785.837 0 0
784.837 0 0
783.837 0 0
782.837 0 0
781.837 0 0
780.837 0 0
779.837 0 0
778.837 0 0
777.837 0 0
776.837 0 0
775.837 0 0
774.837 0 0
773.837 0 0
772.837 0 0
771.837 0 0
770.837 0 0
769.837 0 0
768.837 0 0
767.837 0 0
766.837 0 0
765.837 0 0
764.837 0 0
763.837 0 0
762.837 0 0
761.837 0 0
760.837 0 0
759.837 0 0
758.837 0 0
757.837 0 0
756.837 0 0
755.837 0 0
754.837 0 0
753.837 0 0
752.837 0 0
751.837 0 0
750.837 0 0
749.837 0 0
748.837 0 0
747.837 0 0
746.837 0 0
745.837 0 0
744.837 0 0
743.837 0 0
742.837 0 0
741.837 0 0
740.837 0 0
739.837 0 0
738.837 0 0
737.837 0 0
736.837 0 0
735.837 0 0
734.837 0 0
733.837 0 0
732.837 0 0
731.837 0 0
730.837 0 0
729.837 0 0
728.837 0 0
727.837 0 0
726.837 0 0
725.837 0 0
724.837 0 0
723.837 0 0
722.837 0 0
721.837 0 0
720.837 0 0
719.837 0 0
718.837 0 0
717.837 0 0
716.837 0 0
715.837 0 0
714.837 0 0
713.837 0 0
712.837 0 0
711.837 0 0
710.837 0 0
709.837 0 0
708.837 0 0
707.837 0 0
706.837 0 0
705.837 0 0
704.837 0 0
703.837 0 0
702.837 0 0
701.837 0 0
700.837 0 0
699.837 0 0
698.837 0 0
697.837 0 0
696.837 0 0
695.837 0 0
694.837 0 0
693.837 0 0
692.837 0 0
691.837 0 0
690.837 0 0
689.837 0 0
688.837 0 0
687.837 0 0
686.837 0 0
685.837 0 0
684.837 0 0
683.837 0 0
682.837 0 0
681.837 0 0
680.837 0 0
679.837 0 0
678.837 0 0
677.837 0 0
676.837 0 0
675.837 0 0
674.837 0 0
673.837 0 0
672.837 0 0
671.837 0 0
670.837 0 0
669.837 0 0
668.837 0 0
667.837 0 0
666.837 0 0
665.837 0 0
664.837 0 0
663.837 0 0
662.837 0 0
661.837 0 0
660.837 0 0
659.837 0 0
658.837 0 0
657.837 0 0
656.837 0 0
655.837 0 0
654.837 0 0
653.837 0 0
652.837 0 0
651.837 0 0
650.837 0 0
649.837 0 0
648.837 0 0
647.837 0 0
646.837 0 0
645.837 0 0
644.837 0 0
643.837 0 0
642.837 0 0
641.837 0 0
640.837 0 0
639.837 0 0
638.837 0 0
637.837 0 0
636.837 0 0
635.837 0 0
634.837 0 0
633.837 0 0
632.837 0 0
631.837 0 0
630.837 0 0
629.837 0 0
628.837 0 0
627.837 0 0
626.837 0 0
625.837 0 0
624.837 0 0
623.837 0 0
622.837 0 0
621.837 0 0
620.837 0 0
619.837 0 0
618.837 0 0
617.837 0 0
616.837 0 0
615.837 0 0
614.837 0 0
613.837 0 0
612.837 0 0
611.837 0 0
610.837 0 0
609.837 0 0
608.837 0 0
607.837 0 0
606.837 0 0
605.837 0 0
604.837 0 0
603.837 0 0
602.837 0 0
601.837 0 0
600.837 0 0
599.837 0 0
598.837 0 0
597.837 0 0
596.837 0 0
595.837 0 0
594.837 0 0
593.837 0 0
592.837 0 0
591.837 0 0
590.837 0 0
589.837 0 0
588.837 0 0
587.837 0 0
586.837 0 0
585.837 0 0
584.837 0 0
583.837 0 0
582.837 0 0
581.837 0 0
580.837 0 0
579.837 0 0
578.837 0 0
577.837 0 0
576.837 0 0
575.837 0 0
574.837 0 0
573.837 0 0
572.837 0 0
571.837 0 0
570.837 0 0
569.837 0 0
568.837 0 0
567.837 0 0
566.837 0 0
565.837 0 0
564.837 0 0
563.837 0 0
562.837 0 0
561.837 0 0
560.837 0 0
559.837 0 0
558.837 0 0
557.837 0 0
556.837 0 0
555.837 0 0
554.837 0 0
553.837 0 0
552.837 0 0
551.837 0 0
550.837 0 0
549.837 0 0
548.837 0 0
547.837 0 0
546.837 0 0
545.837 0 0
544.837 0 0
543.837 0 0
542.837 0 0
541.837 0 0
540.837 0 0
539.837 0 0
538.837 0 0
537.837 0 0
536.837 0 0
535.837 0 0
534.837 0 0
533.837 0 0
532.837 0 0
531.837 0 0
530.837 0 0
529.837 0 0
528.837 0 0
527.837 0 0
526.837 0 0
525.837 0 0
524.837 0 0
523.837 0 0
522.837 0 0
521.837 0 0
520.837 0 0
519.837 0 0
518.837 0 0
517.837 0 0
516.837 0 0
515.837 0 0
514.837 0 0
513.837 0 0
512.837 0 0
511.837 0 0
510.837 0 0
509.837 0 0
508.837 0 0
507.837 0 0
506.837 0 0
505.837 0 0
504.837 0 0
503.837 0 0
502.837 0 0
501.837 0 0
500.837 0 0
499.837 0 0
498.837 0 0
497.837 0 0
496.837 0 0
495.837 0 0
494.837 0 0
493.837 0 0
492.837 0 0
491.837 0 0
490.837 0 0
489.837 0 0
488.837 0 0
487.837 0 0
486.837 0 0
485.837 0 0
484.837 0 0
483.837 0 0
482.837 0 0
481.837 0 0
480.837 0 0
479.837 0 0
478.837 0 0
477.837 0 0
476.837 0 0
475.837 0 0
474.837 0 0
473.837 0 0
472.837 0 0
471.837 0 0
470.837 0 0
469.837 0 0
468.837 0 0
467.837 0 0
466.837 0 0
465.837 0 0
464.837 0 0
463.837 0 0
462.837 0 0
461.837 0 0
460.837 0 0
459.837 0 0
458.837 0 0
457.837 0 0
456.837 0 0
455.837 0 0
454.837 0 0
453.837 0 0
452.837 0 0
451.837 0 0
450.837 0 0
449.837 0 0
448.837 0 0
447.837 0 0
446.837 0 0
445.837 0 0
444.837 0 0
443.837 0 0
442.837 0 0
441.837 0 0
440.837 0 0
439.837 0 0
438.837 0 0
437.837 0 0
436.837 0 0
435.837 0 0
434.837 0 0
433.837 0 0
432.837 0 0
431.837 0 0
430.837 0 0
429.837 0 0
428.837 0 0
427.837 0 0
426.837 0 0
425.837 0 0
424.837 0 0
423.837 0 0
422.837 0 0
421.837 0 0
420.837 0 0
419.837 0 0
418.837 0 0
417.837 0 0
416.837 0 0
415.837 0 0
414.837 0 0
413.837 0 0
412.837 0 0
411.837 0 0
410.837 0 0
409.837 0 0
408.837 0 0
407.837 0 0
406.837 0 0
405.837 0 0
404.837 0 0
403.837 0 0
402.837 0 0
401.837 0 0
400.837 0 0
399.837 0 0
398.837 0 0
397.837 0 0
396.837 0 0
395.837 0 0
394.837 0 0
393.837 0 0
392.837 0 0
391.837 0 0
390.837 0 0
389.837 0 0
388.837 0 0
387.837 0 0
386.837 0 0
385.837 0 0
384.837 0 0
383.837 0 0
382.837 0 0
381.837 0 0
380.837 0 0
379.837 0 0
378.837 0 0
377.837 0 0
376.837 0 0
375.837 0 0
374.837 0 0
373.837 0 0
372.837 0 0
371.837 0 0
370.837 0 0
369.837 0 0
368.837 0 0
367.837 0 0
366.837 0 0
365.837 0 0
364.837 0 0
363.837 0 0
362.837 0 0
361.837 0 0
360.837 0 0
359.837 0 0
358.837 0 0
357.837 0 0
356.837 0 0
355.837 0 0
354.837 0 0
353.837 0 0
352.837 0 0
351.837 0 0
350.837 0 0
349.837 0 0
348.837 0 0
347.837 0 0
346.837 0 0
345.837 0 0
344.837 0 0
343.837 0 0
342.837 0 0
341.837 0 0
340.837 0 0
339.837 0 0
338.837 0 0
337.837 0 0
336.837 0 0
335.837 0 0
334.837 0 0
333.837 0 0
332.837 0 0
331.837 0 0
330.837 0 0
329.837 0 0
328.837 0 0
327.837 0 0
326.837 0 0
325.837 0 0
324.837 0 0
323.837 0 0
322.837 0 0
321.837 0 0
320.837 0 0
319.837 0 0
318.837 0 0
317.837 0 0
316.837 0 0
315.837 0 0
314.837 0 0
313.837 0 0
312.837 0 0
311.837 0 0
310.837 0 0
309.837 0 0
308.837 0 0
307.837 0 0
306.837 0 0
305.837 0 0
304.837 0 0
303.837 0 0
302.837 0 0
301.837 0 0
300.837 0 0
299.837 0 0
298.837 0 0
297.837 0 0
296.837 0 0
295.837 0 0
294.837 0 0
293.837 0 0
292.837 0 0
291.837 0 0
290.837 0 0
289.837 0 0
288.837 0 0
287.837 0 0
286.837 0 0
285.837 0 0
284.837 0 0
283.837 0 0
282.837 0 0
281.837 0 0
280.837 0 0
279.837 0 0
278.837 0 0
277.837 0 0
276.837 0 0
275.837 0 0
274.837 0 0
273.837 0 0
272.837 0 0
271.837 0 0
270.837 0 0
269.837 0 0
268.837 0 0
267.837 0 0
266.837 0 0
265.837 0 0
264.837 0 0
263.837 0 0
262.837 0 0
261.837 0 0
260.837 0 0
259.837 0 0
258.837 0 0
257.837 0 0
256.837 1.89082e-05 0.00220751
255.837 1.89082e-05 0.0021692
254.837 1.89082e-05 0.00213675
253.837 1.89082e-05 0.00207039
252.837 1.89082e-05 0.00204918
251.837 1.89082e-05 0.00201207
250.837 1.89082e-05 0.00198807
249.837 1.89082e-05 0.00195695
248.837 1.89082e-05 0.00194175
247.837 1.89082e-05 0.00191571
246.837 1.89082e-05 0.00188679
245.837 1.89082e-05 0.00185874
244.837 1.89082e-05 0.00183486
243.837 1.89082e-05 0.00181488
242.837 1.89082e-05 0.00177936
241.837 1.89082e-05 0.00174825
240.837 1.89082e-05 0.00171233
239.837 1.89082e-05 0.00168634
238.837 1.89082e-05 0.00167224
237.837 1.89082e-05 0.00164204
236.837 1.89082e-05 0.00162338
235.837 1.89082e-05 0.00159744
234.837 1.89082e-05 0.00159236
233.837 1.89082e-05 0.00156006
232.837 1.89082e-05 0.00153139
231.837 1.89082e-05 0.00149925
230.837 1.89082e-05 0.00148148
229.837 1.89082e-05 0.00147275
228.837 1.89082e-05 0.00143472
227.837 1.89082e-05 0.00140845
226.837 1.89082e-05 0.00138504
225.837 1.89082e-05 0.00135318
224.837 1.89082e-05 0.00132802
223.837 1.89082e-05 0.00130208
222.837 1.89082e-05 0.00129032
221.837 1.89082e-05 0.00126103
220.837 1.89082e-05 0.00123153
219.837 1.89082e-05 0.00121655
218.837 1.89082e-05 0.00120773
217.837 1.89082e-05 0.00119332
216.837 1.89082e-05 0.00117925
215.837 1.89082e-05 0.00115607
214.837 1.89082e-05 0.00112994
213.837 1.89082e-05 0.00111359
212.837 1.89082e-05 0.00109769
211.837 1.89082e-05 0.00107643
210.837 1.89082e-05 0.0010582
209.837 1.89082e-05 0.00103842
208.837 1.89082e-05 0.00102249
207.837 1.89082e-05 0.00100705
206.837 1.89082e-05 0.000987167
205.837 1.89082e-05 0.000968992
204.837 1.89082e-05 0.000954198
203.837 1.89082e-05 0.000937207
202.837 1.89082e-05 0.000919963
201.837 1.89082e-05 0.000902527
200.837 1.89082e-05 0.00088968
199.837 1.89082e-05 0.000869565
198.837 1.89082e-05 0.000855432
197.837 1.89082e-05 0.000838926
196.837 1.89082e-05 0.000823045
195.837 1.89082e-05 0.000807103
194.837 1.89082e-05 0.000791766
193.837 1.89082e-05 0.000780031
192.837 1.89082e-05 0.000770416
191.837 1.89082e-05 0.00075643
190.837 1.89082e-05 0.000745156
189.837 3.78165e-05 0.00146413
188.837 3.78165e-05 0.00143062
187.837 3.78165e-05 0.00140449
186.837 3.78165e-05 0.00137836
185.837 3.78165e-05 0.0013468
184.837 3.78165e-05 0.001321
183.837 3.78165e-05 0.00129199
182.837 3.78165e-05 0.00127389
181.837 3.78165e-05 0.00124922
180.837 3.78165e-05 0.00122549
179.837 5.67247e-05 0.00180072
178.837 5.67247e-05 0.00175953
177.837 5.67247e-05 0.00172315
176.837 5.67247e-05 0.00168539
175.837 5.67247e-05 0.00165107
174.837 5.67247e-05 0.00162075
173.837 5.67247e-05 0.00158814
172.837 5.67247e-05 0.00155199
171.837 5.67247e-05 0.00152517
170.837 5.67247e-05 0.00150602
169.837 5.67247e-05 0.0014742
168.837 5.67247e-05 0.00143816
167.837 5.67247e-05 0.00140779
166.837 5.67247e-05 0.00138313
165.837 5.67247e-05 0.0013587
164.837 5.67247e-05 0.00132802
163.837 5.67247e-05 0.00130605
162.837 5.67247e-05 0.00128096
161.837 5.67247e-05 0.00125523
160.837 5.67247e-05 0.00123102
159.837 5.67247e-05 0.0012053
158.837 5.67247e-05 0.00117832
157.837 5.67247e-05 0.00115518
156.837 5.67247e-05 0.00113379
155.837 7.5633e-05 0.00147984
154.837 7.5633e-05 0.0014498
153.837 7.5633e-05 0.00141743
152.837 7.5633e-05 0.00138648
151.837 7.5633e-05 0.00134953
150.837 7.5633e-05 0.00131536
149.837 7.5633e-05 0.00128991
148.837 7.5633e-05 0.00125549
147.837 7.5633e-05 0.00122399
146.837 7.5633e-05 0.0011994
145.837 7.5633e-05 0.00117062
144.837 7.5633e-05 0.00114286
143.837 7.5633e-05 0.00111452
142.837 7.5633e-05 0.00109022
141.837 7.5633e-05 0.00106326
140.837 7.5633e-05 0.00103896
139.837 7.5633e-05 0.001016
138.837 7.5633e-05 0.000995025
137.837 7.5633e-05 0.000970874
136.837 7.5633e-05 0.000949217
135.837 7.5633e-05 0.000926784
134.837 7.5633e-05 0.000906413
133.837 7.5633e-05 0.000884956
132.837 7.5633e-05 0.000862069
131.837 7.5633e-05 0.000842993
130.837 7.5633e-05 0.000819672
129.837 7.5633e-05 0.000800801
128.837 7.5633e-05 0.000782167
127.837 7.5633e-05 0.000764526
126.837 7.5633e-05 0.000740056
125.837 9.45412e-05 0.000903506
124.837 9.45412e-05 0.000882613
123.837 9.45412e-05 0.000863558
122.837 9.45412e-05 0.000844452
121.837 9.45412e-05 0.000824946
120.837 9.45412e-05 0.000803213
119.837 9.45412e-05 0.000783576
118.837 9.45412e-05 0.000765814
117.837 9.45412e-05 0.000744602
116.837 9.45412e-05 0.000724848
115.837 9.45412e-05 0.00070373
114.837 9.45412e-05 0.000684838
113.837 9.45412e-05 0.000666756
112.837 9.45412e-05 0.000648929
111.837 9.45412e-05 0.000631712
110.837 0.000132358 0.000860585
109.837 0.000132358 0.00083662
108.837 0.000132358 0.000816898
107.837 0.000132358 0.000796631
106.837 0.000132358 0.000776053
105.837 0.000132358 0.000753823
104.837 0.000132358 0.000733368
103.837 0.000132358 0.000713049
102.837 0.000132358 0.000693825
101.837 0.000132358 0.000674569
100.837 0.000132358 0.000654879
99.8374 0.000151266 0.000725821
98.8374 0.000151266 0.00070553
97.8374 0.000151266 0.000684463
96.8374 0.000151266 0.000662745
95.8374 0.000151266 0.000641488
94.8374 0.000151266 0.000621891
93.8374 0.000151266 0.00060423
92.8374 0.000151266 0.000584966
91.8374 0.000151266 0.000566693
90.8374 0.000151266 0.000548396
89.8374 0.000151266 0.000531032
88.8374 0.000151266 0.000513051
87.8374 0.000170174 0.000557517
86.8374 0.000170174 0.000539277
85.8374 0.000170174 0.000521437
84.8374 0.000170174 0.000503299
83.8374 0.000170174 0.000485882
82.8374 0.000170174 0.000469606
81.8374 0.000170174 0.00045258
80.8374 0.000170174 0.000436681
79.8374 0.000170174 0.000421131
78.8374 0.000170174 0.000405771
77.8374 0.000189082 0.000435161
76.8374 0.000189082 0.000419481
75.8374 0.000207991 0.000444032
74.8374 0.000226899 0.000467181
73.8374 0.000245807 0.000486418
72.8374 0.000245807 0.000467828
71.8374 0.000245807 0.000449905
70.8374 0.000245807 0.000432699
69.8374 0.000264715 0.000448215
68.8374 0.000264715 0.000430676
67.8374 0.000264715 0.000413822
66.8374 0.000264715 0.000397389
65.8374 0.000264715 0.000381981
64.8374 0.000264715 0.000367049
63.8374 0.000283624 0.000377739
62.8374 0.000283624 0.000361603
61.8374 0.000283624 0.000346276
60.8374 0.000302532 0.000354586
59.8374 0.000340348 0.000382247
58.8374 0.000340348 0.000366703
57.8374 0.000340348 0.000351597
56.8374 0.000359257 0.00035522
55.8374 0.000359257 0.000339996
54.8374 0.000359257 0.000325047
53.8374 0.000397073 0.000343014
52.8374 0.000397073 0.000327516
51.8374 0.000434889 0.00034188
50.8374 0.000491614 0.000368037
49.8374 0.000491614 0.000350404
48.8374 0.000548339 0.000371657
47.8374 0.000661788 0.000426076
46.8374 0.000699605 0.000427662
45.8374 0.00075633 0.000438467
44.8374 0.000794146 0.000436577
43.8374 0.000831962 0.000433331
42.8374 0.000907595 0.000447361
41.8374 0.00096432 0.000449169
40.8374 0.00105886 0.000465402
39.8374 0.00111559 0.000463003
38.8374 0.0011534 0.000451842
37.8374 0.00117231 0.000432638
36.8374 0.00128576 0.000446511
35.8374 0.00139921 0.000456109
34.8374 0.00143703 0.000439876
33.8374 0.00162611 0.00046682
32.8374 0.00173956 0.000467874
31.8374 0.00190973 0.000480138
30.8374 0.00213663 0.00050142
29.8374 0.00236353 0.000516407
28.8374 0.0025337 0.000514417
27.8374 0.00279842 0.000526779
26.8374 0.00294969 0.000513496
25.8374 0.00323331 0.00051963
24.8374 0.00359257 0.000530732
23.8374 0.00402745 0.000545501
22.8374 0.00446234 0.000552493
21.8374 0.00497287 0.000561426
20.8374 0.00538885 0.000552293
19.8374 0.00601282 0.00055683
18.8374 0.00709059 0.000589612
17.8374 0.00796037 0.00059139
16.8374 0.00915159 0.000603164
15.8374 0.0104941 0.000609482
14.8374 0.0124794 0.00063318
13.8374 0.0144459 0.000634485
12.8374 0.0168094 0.000632455
11.8374 0.0198537 0.00063293
10.8374 0.0239756 0.000640196
9.83744 0.0294401 0.000648424
9.73744 0.0302154 0.000652273
9.63744 0.0309339 0.000654405
9.53744 0.0316146 0.000655296
9.43744 0.0322007 0.000653857
9.33744 0.0329003 0.000654331
9.23744 0.0334676 0.000651831
9.13744 0.0346021 0.000659858
9.03744 0.0354529 0.000661984
8.93744 0.0363605 0.000664489
8.83744 0.0373249 0.000667496
8.73744 0.0380623 0.000665961
8.63744 0.0390833 0.000669032
8.53744 0.0400855 0.000671179
8.43744 0.0409742 0.000670957
8.33744 0.0419385 0.000671475
8.23744 0.0430541 0.00067387
8.13744 0.0439806 0.000672817
8.03744 0.045134 0.000674781
7.93744 0.0461172 0.000673735
7.83744 0.0471571 0.00067297
7.73744 0.0482538 0.000672535
7.63744 0.0493694 0.000671932
7.53744 0.0507497 0.000674321
7.43744 0.0516951 0.000670497
7.33744 0.0532456 0.000674027
7.23744 0.0544935 0.000673117
7.13744 0.0556659 0.000670824
7.03744 0.0570651 0.000670806
6.93744 0.0585021 0.000670671
6.83744 0.0602416 0.000673465
6.73744 0.0617732 0.000673191
6.63744 0.0631535 0.000670881
6.53744 0.0650822 0.000673666
6.43744 0.0669919 0.000675636
6.33744 0.0690151 0.000678039
6.23744 0.070887 0.000678353
6.13744 0.0725887 0.000676435
6.03744 0.0745741 0.00067655
5.93744 0.0769187 0.000679313
5.83744 0.0793579 0.000682037
5.73744 0.0818538 0.000684454
5.63744 0.0843497 0.000686223
5.53744 0.0868644 0.000687319
5.43744 0.0895683 0.000689162
5.33744 0.0921209 0.000689127
5.23744 0.0946357 0.000688103
5.13744 0.0973207 0.000687677
5.03744 0.100043 0.000686878
4.93744 0.102785 0.00068551
4.83744 0.105754 0.000685082
4.73744 0.109195 0.000686873
4.63744 0.112561 0.000687385
4.53744 0.115945 0.000687266
4.43744 0.119198 0.00068565
4.33744 0.123338 0.000688418
4.23744 0.127498 0.00069035
4.13744 0.131639 0.000691288
4.03744 0.135553 0.000690331
3.93744 0.139543 0.000688988
3.83744 0.144232 0.000690323
3.73744 0.148543 0.000688979
3.63744 0.152571 0.000685618
3.53744 0.157543 0.000685761
3.43744 0.163197 0.00068799
3.33744 0.168888 0.000689433
3.23744 0.174693 0.000690345
3.13744 0.180498 0.00069042
3.03744 0.186794 0.000691405
2.93744 0.19258 0.000689727
2.83744 0.199293 0.000690528
2.73744 0.206629 0.000692539
2.63744 0.213985 0.000693606
2.53744 0.221075 0.00069285
2.43744 0.228563 0.000692484
2.33744 0.236504 0.000692684
2.23744 0.244578 0.000692308
2.13744 0.253257 0.000692788
2.03744 0.263033 0.000695249
1.93744 0.2726 0.000696122
1.83744 0.282508 0.000696993
1.73744 0.292529 0.000697321
1.63744 0.30325 0.000698341
1.53744 0.314368 0.000699395
1.43744 0.325373 0.000699366
1.33744 0.33685 0.000699532
1.23744 0.347458 0.000697176
1.13744 0.360353 0.000698776
1.03744 0.372795 0.000698732
0.937436 0.385274 0.000698106
0.837436 0.397205 0.00069602
0.737436 0.410706 0.000696221
0.637436 0.423923 0.0006955
0.537436 0.437915 0.000695662
0.437436 0.451945 0.000695513
0.337436 0.466031 0.000695184
0.237436 0.479418 0.000693722
0.137436 0.492541 0.000691853
0.0374362 0.50744 0.000692435
-0.0625638 0.522019 0.000692582
-0.162564 0.535425 0.000691238
-0.262564 0.550135 0.000691761
-0.362564 0.563314 0.000690533
-0.462564 0.57742 0.000690684
-0.562564 0.589729 0.00068898
-0.662564 0.604005 0.000689856
-0.762564 0.617713 0.000690389
-0.862564 0.631062 0.000690789
-0.962564 0.643996 0.000691086
-1.06256 0.655152 0.000689824
-1.16256 0.666875 0.000689541
-1.26256 0.678201 0.000689245
-1.36256 0.688846 0.000688594
-1.46256 0.699718 0.000688539
-1.56256 0.709853 0.000688098
-1.66256 0.719383 0.000687425
-1.76256 0.728988 0.000687164
-1.86256 0.738348 0.000686989
-1.96256 0.747102 0.000686585
-2.06256 0.755857 0.000686475
-2.16256 0.764328 0.000686369
-2.26256 0.771967 0.000685835
-2.36256 0.779057 0.000685105
-2.46256 0.786413 0.000684845
-2.56256 0.792539 0.000683789
-2.66256 0.7998 0.000683951
-2.76256 0.806569 0.00068392
-2.86256 0.813187 0.000683961
-2.96256 0.818727 0.000683326
-3.06256 0.824532 0.000683109
-3.16256 0.829769 0.000682607
-3.26256 0.83478 0.000682121
-3.36256 0.839885 0.000681881
-3.46256 0.844612 0.000681515
-3.56256 0.849793 0.00068166
-3.66256 0.854463 0.000681549
-3.76256 0.858945 0.000681426
-3.86256 0.862877 0.000681017
-3.96256 0.866583 0.000680559
-4.06256 0.870441 0.000680354
-4.16256 0.874279 0.00068025
-4.26256 0.87825 0.000680361
-4.36256 0.881597 0.000680106
-4.46256 0.885095 0.00068007
-4.56256 0.888252 0.000679886
-4.66256 0.891297 0.000679702
-4.76256 0.894492 0.000679721
-4.86256 0.898141 0.000680174
-4.96256 0.901223 0.000680272
-5.06256 0.904135 0.000680311
-5.16256 0.906593 0.000680086
-5.26256 0.909411 0.000680222
-5.36256 0.911434 0.000679822
-5.46256 0.913854 0.000679792
-5.56256 0.916237 0.000679799
-5.66256 0.918581 0.000679829
-5.76256 0.920907 0.000679898
-5.86256 0.922703 0.000679641
-5.96256 0.924613 0.000679521
-6.06256 0.926598 0.000679508
-6.16256 0.92847 0.000679463
-6.26256 0.930153 0.000679323
-6.36256 0.932063 0.000679404
-6.46256 0.933556 0.000679222
-6.56256 0.935409 0.000679338
-6.66256 0.937187 0.000679434
-6.76256 0.938794 0.000679448
-6.86256 0.940363 0.000679467
-6.96256 0.942046 0.000679609
-7.06256 0.943294 0.000679474
-7.16256 0.944731 0.000679505
-7.26256 0.946055 0.000679481
-7.36256 0.947227 0.000679379
-7.46256 0.948381 0.000679297
-7.56256 0.949742 0.000679385
-7.66256 0.950933 0.000679378
-7.76256 0.952351 0.000679561
-7.86256 0.953448 0.000679532
-7.96256 0.954582 0.000679557
-8.06256 0.955717 0.000679606
-8.16256 0.956889 0.000679707
-8.26256 0.957702 0.000679571
-8.36256 0.958515 0.000679454
-8.46256 0.959499 0.000679477
-8.56256 0.960387 0.000679456
-8.66256 0.961522 0.000679623
-8.76256 0.962278 0.000679545
-8.86256 0.963223 0.000679613
-8.96256 0.96398 0.000679567
-9.06256 0.964868 0.000679625
-9.16256 0.965776 0.000679717
-9.26256 0.966608 0.00067977
-9.36256 0.967345 0.000679766
-9.46256 0.968007 0.000679723
-9.56256 0.968688 0.000679706
-9.66256 0.969293 0.000679648
-9.76256 0.970049 0.000679708
-9.86256 0.97073 0.000679733
-9.96256 0.971392 0.000679752
-10.0626 0.971997 0.000679744
-11.0626 0.977537 0.000679854
-12.0626 0.981432 0.00067961
-13.0626 0.984401 0.00067932
-14.0626 0.986632 0.00067896
-15.0626 0.988466 0.000678676
-16.0626 0.99013 0.000678545
-17.0626 0.991643 0.000678525
-18.0626 0.992928 0.000678513
-19.0626 0.994063 0.000678538
-20.0626 0.994838 0.000678435
-21.0626 0.995481 0.000678333
-22.0626 0.996048 0.000678257
-23.0626 0.996483 0.000678152
-24.0626 0.996994 0.000678154
-25.0626 0.997466 0.000678176
-26.0626 0.997863 0.000678182
-27.0626 0.99826 0.000678222
-28.0626 0.998431 0.000678131
-29.0626 0.998601 0.000678065
-30.0626 0.998752 0.000678007
-31.0626 0.998903 0.000677964
-32.0626 0.999055 0.000677938
-33.0626 0.999206 0.000677926
-34.0626 0.9993 0.000677887
-35.0626 0.999376 0.000677845
-36.0626 0.999414 0.000677788
-37.0626 0.999471 0.000677753
-38.0626 0.999508 0.000677713
-39.0626 0.999565 0.000677693
-40.0626 0.999622 0.000677676
-41.0626 0.999641 0.000677641
-42.0626 0.99966 0.000677609
-43.0626 0.99966 0.000677568
-44.0626 0.999679 0.000677544
-45.0626 0.999773 0.000677573
-46.0626 0.999792 0.000677555
-47.0626 0.999811 0.00067754
-48.0626 0.999811 0.000677515
-49.0626 0.999811 0.00067749
-50.0626 0.999811 0.000677468
-51.0626 0.99983 0.000677461
-52.0626 0.999868 0.000677468
-53.0626 0.999868 0.000677451
-54.0626 0.999868 0.000677435
-55.0626 0.999887 0.000677433
-56.0626 0.999887 0.000677419
-57.0626 0.999887 0.000677407
-58.0626 0.999924 0.000677421
-59.0626 0.999924 0.000677411
-60.0626 0.999924 0.000677401
-61.0626 0.999924 0.000677392
-62.0626 0.999924 0.000677384
-63.0626 0.999924 0.000677376
-64.0626 0.999924 0.000677369
-65.0626 0.999924 0.000677363
-66.0626 0.999924 0.000677356
-67.0626 0.999924 0.00067735
-68.0626 0.999924 0.000677344
-69.0626 0.999924 0.000677339
-70.0626 0.999943 0.000677347
-71.0626 0.999943 0.000677342
-72.0626 0.999943 0.000677337
-73.0626 0.999943 0.000677333
-74.0626 0.999943 0.000677329
-75.0626 0.999943 0.000677326
-76.0626 0.999943 0.000677322
-77.0626 0.999943 0.000677319
-78.0626 0.999943 0.000677316
-79.0626 0.999943 0.000677313
-80.0626 0.999943 0.00067731
-81.0626 0.999943 0.000677308
-82.0626 0.999943 0.000677305
-83.0626 0.999943 0.000677303
-84.0626 0.999943 0.0006773
-85.0626 0.999943 0.000677298
-86.0626 0.999943 0.000677296
-87.0626 0.999943 0.000677294
-88.0626 0.999943 0.000677293
-89.0626 0.999962 0.000677304
-90.0626 0.999962 0.000677302
-91.0626 0.999962 0.000677301
-92.0626 0.999962 0.000677299
-93.0626 0.999962 0.000677298
-94.0626 0.999962 0.000677296
-95.0626 0.999962 0.000677295
-96.0626 0.999962 0.000677294
-97.0626 0.999962 0.000677293
-98.0626 0.999962 0.000677292
-99.0626 0.999962 0.000677291
-100.063 0.999962 0.00067729
-101.063 0.999962 0.000677289
-102.063 0.999962 0.000677288
-103.063 0.999962 0.000677287
-104.063 0.999962 0.000677287
-105.063 0.999962 0.000677286
-106.063 0.999962 0.000677285
-107.063 0.999962 0.000677285
-108.063 0.999962 0.000677284
-109.063 0.999962 0.000677283
-110.063 0.999962 0.000677283
-111.063 0.999962 0.000677282
-112.063 0.999962 0.000677282
-113.063 0.999981 0.000677294
-114.063 0.999981 0.000677293
-115.063 0.999981 0.000677293
-116.063 0.999981 0.000677292
-117.063 0.999981 0.000677292
-118.063 0.999981 0.000677292
-119.063 0.999981 0.000677291
-120.063 0.999981 0.000677291
-121.063 0.999981 0.000677291
-122.063 0.999981 0.00067729
-123.063 0.999981 0.00067729
-124.063 0.999981 0.000677289
-125.063 0.999981 0.000677289
-126.063 0.999981 0.000677289
-127.063 0.999981 0.000677288
-128.063 0.999981 0.000677288
-129.063 0.999981 0.000677288
-130.063 0.999981 0.000677288
-131.063 0.999981 0.000677287
-132.063 0.999981 0.000677287
-133.063 0.999981 0.000677287
-134.063 0.999981 0.000677286
-135.063 0.999981 0.000677286
-136.063 0.999981 0.000677286
-137.063 0.999981 0.000677286
-138.063 0.999981 0.000677285
-139.063 0.999981 0.000677285
-140.063 0.999981 0.000677285
-141.063 0.999981 0.000677285
-142.063 0.999981 0.000677285
-143.063 0.999981 0.000677285
-144.063 0.999981 0.000677284
-145.063 0.999981 0.000677284
-146.063 0.999981 0.000677284
-147.063 0.999981 0.000677284
-148.063 0.999981 0.000677284
-149.063 0.999981 0.000677284
-150.063 0.999981 0.000677283
-151.063 0.999981 0.000677283
-152.063 0.999981 0.000677283
-153.063 0.999981 0.000677283
-154.063 0.999981 0.000677283
-155.063 0.999981 0.000677283
-156.063 0.999981 0.000677283
-157.063 0.999981 0.000677283
-158.063 0.999981 0.000677283
-159.063 0.999981 0.000677282
-160.063 0.999981 0.000677282
-161.063 0.999981 0.000677282
-162.063 0.999981 0.000677282
-163.063 0.999981 0.000677282
-164.063 0.999981 0.000677282
-165.063 0.999981 0.000677282
-166.063 0.999981 0.000677282
-167.063 0.999981 0.000677282
-168.063 0.999981 0.000677282
-169.063 0.999981 0.000677282
-170.063 0.999981 0.000677282
-171.063 0.999981 0.000677282
-172.063 0.999981 0.000677281
-173.063 0.999981 0.000677281
-174.063 0.999981 0.000677281
-175.063 0.999981 0.000677281
-176.063 0.999981 0.000677281
-177.063 0.999981 0.000677281
-178.063 0.999981 0.000677281
-179.063 0.999981 0.000677281
-180.063 0.999981 0.000677281
-181.063 0.999981 0.000677281
-182.063 0.999981 0.000677281
-183.063 0.999981 0.000677281
-184.063 0.999981 0.000677281
-185.063 0.999981 0.000677281
-186.063 0.999981 0.000677281
-187.063 0.999981 0.000677281
-188.063 0.999981 0.00067728
-189.063 0.999981 0.00067728
-190.063 0.999981 0.00067728
-191.063 0.999981 0.00067728
-192.063 0.999981 0.00067728
-193.063 0.999981 0.00067728
-194.063 0.999981 0.00067728
-195.063 0.999981 0.00067728
-196.063 0.999981 0.00067728
-197.063 0.999981 0.00067728
-198.063 0.999981 0.00067728
-199.063 0.999981 0.00067728
-200.063 0.999981 0.00067728
-201.063 0.999981 0.00067728
-202.063 0.999981 0.00067728
-203.063 0.999981 0.00067728
-204.063 0.999981 0.00067728
-205.063 0.999981 0.00067728
-206.063 0.999981 0.00067728
-207.063 0.999981 0.00067728
-208.063 0.999981 0.00067728
-209.063 0.999981 0.00067728
-210.063 0.999981 0.00067728
-211.063 0.999981 0.00067728
-212.063 0.999981 0.00067728
-213.063 0.999981 0.00067728
-214.063 0.999981 0.00067728
-215.063 0.999981 0.00067728
-216.063 0.999981 0.00067728
-217.063 0.999981 0.00067728
-218.063 0.999981 0.00067728
-219.063 0.999981 0.00067728
-220.063 0.999981 0.00067728
-221.063 0.999981 0.00067728
-222.063 0.999981 0.00067728
-223.063 0.999981 0.00067728
-224.063 0.999981 0.00067728
-225.063 0.999981 0.00067728
-226.063 0.999981 0.000677279
-227.063 0.999981 0.000677279
-228.063 0.999981 0.000677279
-229.063 0.999981 0.000677279
-230.063 0.999981 0.000677279
-231.063 0.999981 0.000677279
-232.063 0.999981 0.000677279
-233.063 0.999981 0.000677279
-234.063 0.999981 0.000677279
-235.063 0.999981 0.000677279
-236.063 0.999981 0.000677279
-237.063 0.999981 0.000677279
-238.063 0.999981 0.000677279
-239.063 0.999981 0.000677279
-240.063 0.999981 0.000677279
-241.063 0.999981 0.000677279
-242.063 0.999981 0.000677279
-243.063 0.999981 0.000677279
-244.063 0.999981 0.000677279
-245.063 0.999981 0.000677279
-246.063 0.999981 0.000677279
-247.063 0.999981 0.000677279
-248.063 0.999981 0.000677279
-249.063 0.999981 0.000677279
-250.063 0.999981 0.000677279
-251.063 0.999981 0.000677279
-252.063 0.999981 0.000677279
-253.063 0.999981 0.000677279
-254.063 0.999981 0.000677279
-255.063 0.999981 0.000677279
-256.063 0.999981 0.000677279
-257.063 0.999981 0.000677279
-258.063 0.999981 0.000677279
-259.063 0.999981 0.000677279
-260.063 0.999981 0.000677279
-261.063 0.999981 0.000677279
-262.063 0.999981 0.000677279
-263.063 0.999981 0.000677279
-264.063 0.999981 0.000677279
-265.063 0.999981 0.000677279
-266.063 0.999981 0.000677279
-267.063 0.999981 0.000677279
-268.063 0.999981 0.000677279
-269.063 0.999981 0.000677279
-270.063 0.999981 0.000677279
-271.063 0.999981 0.000677279
-272.063 0.999981 0.000677279
-273.063 0.999981 0.000677279
-274.063 0.999981 0.000677279
-275.063 0.999981 0.000677279
-276.063 0.999981 0.000677279
-277.063 0.999981 0.000677279
-278.063 0.999981 0.000677279
-279.063 0.999981 0.000677279
-280.063 0.999981 0.000677279
-281.063 0.999981 0.000677279
-282.063 0.999981 0.000677279
-283.063 0.999981 0.000677279
-284.063 0.999981 0.000677279
-285.063 0.999981 0.000677279
-286.063 0.999981 0.000677279
-287.063 0.999981 0.000677279
-288.063 0.999981 0.000677279
-289.063 0.999981 0.000677279
-290.063 0.999981 0.000677279
-291.063 0.999981 0.000677279
-292.063 0.999981 0.000677279
-293.063 0.999981 0.000677279
-294.063 0.999981 0.000677279
-295.063 0.999981 0.000677279
-296.063 0.999981 0.000677279
-297.063 0.999981 0.000677279
-298.063 0.999981 0.000677279
-299.063 0.999981 0.000677279
-300.063 0.999981 0.000677279
-301.063 0.999981 0.000677279
-302.063 0.999981 0.000677279
-303.063 0.999981 0.000677279
-304.063 0.999981 0.000677279
-305.063 0.999981 0.000677279
-306.063 0.999981 0.000677279
-307.063 0.999981 0.000677279
-308.063 0.999981 0.000677279
-309.063 0.999981 0.000677279
-310.063 0.999981 0.000677279
-311.063 0.999981 0.000677279
-312.063 0.999981 0.000677279
-313.063 0.999981 0.000677279
-314.063 0.999981 0.000677279
-315.063 0.999981 0.000677279
-316.063 0.999981 0.000677279
-317.063 0.999981 0.000677279
-318.063 0.999981 0.000677279
-319.063 0.999981 0.000677279
-320.063 0.999981 0.000677279
-321.063 0.999981 0.000677279
-322.063 0.999981 0.000677279
-323.063 0.999981 0.000677279
-324.063 0.999981 0.000677279
-325.063 0.999981 0.000677279
-326.063 0.999981 0.000677279
-327.063 0.999981 0.000677279
-328.063 0.999981 0.000677279
-329.063 0.999981 0.000677279
-330.063 0.999981 0.000677279
-331.063 0.999981 0.000677279
